mol_id,atom_id,true_label,predicted_label,predicted_binary_label
848,0,1,0.50289595,True
848,1,0,0.0418187,False
848,2,0,0.06808001,False
848,3,0,0.08327319,True
848,4,0,0.039485984,False
848,5,0,0.013734127,False
848,6,0,0.031795263,False
848,7,0,0.08590439,True
848,8,0,0.040261723,False
848,9,0,0.034682527,False
848,10,0,0.058312353,False
848,11,0,0.087420985,True
848,12,0,0.034430593,False
848,13,0,0.08891565,True
623,0,0,0.00021460127,False
623,1,0,0.13353325,True
623,2,0,0.017993012,False
623,3,0,0.014979577,False
623,4,0,0.004724042,False
623,5,0,0.010928701,False
623,6,0,0.009514443,False
623,7,0,0.0013200935,False
623,8,0,0.0026344815,False
623,9,0,0.07194251,False
623,10,0,0.12550525,True
623,11,1,0.16747102,True
623,12,1,0.70031,True
623,13,0,0.0003851505,False
623,14,0,7.6231474e-05,False
623,15,0,0.0059642624,False
722,0,0,0.20844266,True
722,1,0,0.021038853,False
722,2,0,0.011492515,False
722,3,0,0.014766673,False
722,4,0,0.001519889,False
722,5,0,0.013352515,False
722,6,0,0.23419052,True
722,7,0,0.009851396,False
722,8,0,0.3046292,True
722,9,0,0.021809328,False
722,10,0,0.0001884516,False
722,11,0,0.018973248,False
722,12,1,0.17020275,True
722,13,0,0.01896198,False
722,14,0,0.0014014676,False
722,15,0,4.7339803e-05,False
860,0,1,0.2167439,True
860,1,0,0.0006744681,False
860,2,0,0.0027294543,False
860,3,0,2.1875747e-05,False
860,4,0,0.00350358,False
860,5,0,0.024157869,False
860,6,0,0.013904235,False
860,7,0,0.04683872,False
860,8,0,0.0056033316,False
860,9,0,0.221285,True
860,10,0,0.052990664,False
860,11,0,0.08225231,True
860,12,0,0.07622805,False
860,13,0,0.1324582,True
860,14,0,0.003719411,False
860,15,0,0.0038071624,False
860,16,0,0.0001681511,False
857,0,0,0.0012388563,False
857,1,0,0.04660858,False
857,2,0,0.008223262,False
857,3,1,0.2843124,True
857,4,0,0.00044338286,False
857,5,0,0.004472178,False
857,6,0,0.03412441,False
857,7,0,0.047773667,False
857,8,0,0.0003058626,False
857,9,0,0.020314286,False
857,10,0,0.007257626,False
857,11,0,0.017638348,False
857,12,0,0.012057409,False
857,13,0,0.019103168,False
857,14,0,0.07034878,False
857,15,0,0.00034344435,False
857,16,0,0.036047854,False
857,17,0,0.0027131333,False
145,0,0,0.5386408,True
145,1,0,0.011707698,False
145,2,0,0.0477961,False
145,3,0,0.041136354,False
145,4,0,0.006749882,False
145,5,0,0.004269515,False
145,6,0,0.047112405,False
145,7,1,0.44652468,True
145,8,0,0.112845495,True
145,9,0,0.18642883,True
145,10,0,0.009292252,False
145,11,0,0.025147174,False
319,0,0,0.06418674,False
319,1,0,0.14803375,True
319,2,0,0.06002111,False
319,3,0,0.07628637,False
319,4,0,0.008398891,False
319,5,0,0.024018278,False
319,6,0,0.057965573,False
319,7,1,0.35509655,True
319,8,0,0.051769335,False
319,9,0,0.06518059,False
319,10,0,0.026778357,False
319,11,0,0.2873486,True
1032,0,0,0.3590003,True
1032,1,0,0.019053983,False
1032,2,0,0.040422086,False
1032,3,0,0.056220695,False
1032,4,0,0.019509573,False
1032,5,0,0.016241195,False
1032,6,1,0.68208086,True
1032,7,0,0.00037566127,False
1032,8,0,0.022831086,False
1032,9,0,0.06166124,False
1032,10,0,0.11270127,True
1032,11,0,0.056907147,False
1032,12,0,0.017190197,False
989,0,0,0.002948138,False
989,1,0,0.0051502036,False
989,2,0,0.0020475627,False
989,3,0,0.017403277,False
989,4,0,0.015147935,False
989,5,0,0.32799825,True
989,6,1,0.0054005925,False
989,7,0,0.005909113,False
989,8,0,0.0028658423,False
989,9,0,0.001957112,False
989,10,0,0.39217076,True
989,11,0,0.00011694221,False
989,12,0,0.014048461,False
989,13,0,0.10381833,True
989,14,0,0.02915177,False
989,15,0,0.022012994,False
989,16,0,0.00802213,False
989,17,0,0.0044581187,False
376,0,0,0.003166417,False
376,1,0,0.20739934,True
376,2,0,0.018770669,False
376,3,1,0.4602293,True
376,4,0,0.038926393,False
376,5,0,0.0055240598,False
376,6,0,0.034163512,False
376,7,0,0.035502877,False
376,8,0,0.026061915,False
376,9,0,0.010350221,False
376,10,0,0.44689685,True
376,11,0,0.05594793,False
376,12,0,0.01742432,False
90,0,0,0.04652986,False
90,1,1,0.34884977,True
90,2,0,0.00014485203,False
90,3,0,0.0019615383,False
90,4,0,0.5078801,True
90,5,0,0.0108706625,False
90,6,0,0.0013452113,False
90,7,0,0.19252619,True
90,8,0,0.00032574998,False
90,9,0,0.0010707179,False
90,10,0,0.0035139152,False
90,11,0,0.0057702255,False
90,12,0,7.326287e-05,False
90,13,0,0.0005249971,False
90,14,0,0.00029765695,False
90,15,0,0.0009308233,False
90,16,0,0.0018761329,False
90,17,0,0.00061297836,False
90,18,0,0.0007289446,False
451,0,0,0.18318664,True
451,1,0,0.3364712,True
451,2,0,0.21267246,True
451,3,0,0.0702042,False
451,4,0,0.110771745,True
451,5,0,0.1062959,True
451,6,0,0.031108309,False
451,7,0,0.09048677,True
451,8,0,0.06977248,False
451,9,1,0.6750397,True
451,10,0,0.0034332387,False
313,0,0,0.057446152,False
313,1,0,0.20497553,True
313,2,0,0.06834641,False
313,3,0,0.007914895,False
313,4,0,0.017725378,False
313,5,0,0.009182494,False
313,6,0,0.016501334,False
313,7,1,0.555608,True
313,8,0,0.36189976,True
313,9,0,0.0062727104,False
313,10,0,0.018487824,False
41,0,0,0.032811124,False
41,1,0,0.124451905,True
41,2,0,0.00090466096,False
41,3,0,0.012983309,False
41,4,0,0.004175801,False
41,5,0,0.03298753,False
41,6,1,0.9695617,True
41,7,0,0.05690509,False
41,8,0,0.0003189243,False
41,9,0,0.03089835,False
41,10,0,0.00011355249,False
41,11,0,0.015486241,False
41,12,0,0.009723052,False
41,13,0,1.6112728e-05,False
41,14,0,0.019134581,False
41,15,0,0.013860011,False
41,16,0,3.0655265e-05,False
1208,0,0,0.02447207,False
1208,1,0,0.008826451,False
1208,2,0,0.08864332,True
1208,3,0,0.021482715,False
1208,4,0,0.024943948,False
1208,5,0,0.12536459,True
1208,6,0,0.037644885,False
1208,7,0,0.00014395193,False
1208,8,0,0.065866746,False
1208,9,0,0.03422379,False
1208,10,0,0.012507844,False
1208,11,0,0.008312645,False
1208,12,0,0.53022087,True
1208,13,1,0.7095566,True
1208,14,1,0.37848997,True
1156,0,1,0.51344466,True
1156,1,0,0.016914174,False
1156,2,0,0.068892725,False
1156,3,0,8.772323e-05,False
1156,4,0,0.06489276,False
1156,5,0,0.11031348,True
1156,6,1,0.051382367,False
1156,7,0,0.0024847763,False
1156,8,0,0.03411913,False
1156,9,0,0.092665866,True
1156,10,0,0.081320755,True
1156,11,0,0.10907285,True
1156,12,0,0.009323652,False
1156,13,0,0.21274295,True
1156,14,0,0.0010074159,False
141,0,0,0.13157228,True
141,1,0,0.15543248,True
141,2,0,0.061097667,False
141,3,0,0.0038465303,False
141,4,0,0.013039806,False
141,5,0,0.038348526,False
141,6,0,0.10088453,True
141,7,1,0.48919806,True
141,8,0,0.033054423,False
141,9,0,0.02182707,False
141,10,0,0.59343237,True
141,11,0,0.012265318,False
1199,0,0,0.0007351033,False
1199,1,1,0.44380417,True
1199,2,0,0.0018206536,False
1199,3,0,0.0113144675,False
1199,4,0,0.009515971,False
1199,5,0,0.002214107,False
1199,6,0,0.0021759754,False
1199,7,0,0.0009904754,False
1199,8,0,0.0026749098,False
1199,9,0,0.0004895026,False
1199,10,0,0.019774832,False
1199,11,0,0.061402448,False
1199,12,0,0.0037396566,False
1199,13,0,0.025098396,False
1199,14,0,0.006627767,False
1199,15,0,0.003732254,False
1199,16,0,0.028907701,False
1199,17,0,0.0051722433,False
1199,18,0,0.0014844347,False
1199,19,0,0.0005047264,False
1199,20,0,0.00092725904,False
1199,21,0,0.0085573355,False
162,0,0,0.37236688,True
162,1,0,0.0076636625,False
162,2,0,0.012494076,False
162,3,0,0.013035807,False
162,4,0,0.0054595903,False
162,5,0,0.086939305,True
162,6,0,0.010256353,False
162,7,0,0.2223066,True
162,8,0,0.0048006405,False
162,9,0,0.009681594,False
162,10,0,0.058912624,False
162,11,1,0.71569616,True
162,12,0,0.0009280342,False
820,0,1,0.5117275,True
820,1,0,0.024553355,False
820,2,0,0.07591006,False
820,3,0,0.0008225396,False
820,4,0,0.1897762,True
820,5,0,0.00046344352,False
820,6,0,0.00471851,False
820,7,0,0.0075872163,False
820,8,0,0.026174864,False
820,9,0,0.011284327,False
820,10,0,0.011682092,False
820,11,1,0.23382755,True
820,12,0,0.01208155,False
820,13,0,0.008243298,False
562,0,0,0.00048987835,False
562,1,0,0.28547943,True
562,2,0,0.1391982,True
562,3,0,0.06953392,False
562,4,1,0.18691866,True
562,5,0,0.013684979,False
562,6,0,0.022675632,False
562,7,0,0.051895056,False
562,8,0,0.024017546,False
562,9,0,0.010210741,False
562,10,0,0.006257499,False
562,11,0,0.0127329305,False
562,12,0,0.0009862512,False
562,13,0,0.004124389,False
562,14,0,0.012972206,False
446,0,0,0.17056644,True
446,1,0,0.13819931,True
446,2,0,0.20296232,True
446,3,0,0.019139588,False
446,4,0,0.24291779,True
446,5,0,0.03662408,False
446,6,0,0.106422015,True
446,7,0,0.19206499,True
446,8,0,0.291081,True
446,9,0,0.100179285,True
446,10,1,0.23643012,True
159,0,1,0.08256668,True
159,1,1,0.11895007,True
159,2,0,0.12857145,True
159,3,0,0.0914699,True
159,4,0,0.10508428,True
159,5,0,0.03410053,False
159,6,0,0.03975998,False
159,7,0,0.102939814,True
159,8,0,0.19248103,True
159,9,0,0.18042757,True
159,10,0,0.16520517,True
159,11,0,0.00053538947,False
159,12,0,0.0554226,False
966,0,0,0.03409815,False
966,1,0,0.017136747,False
966,2,0,0.010903069,False
966,3,0,0.010163166,False
966,4,0,0.012351123,False
966,5,0,0.019447908,False
966,6,0,0.020957636,False
966,7,0,0.45237115,True
966,8,0,8.729522e-05,False
966,9,0,0.0036847286,False
966,10,0,0.1156215,True
966,11,0,0.0011330971,False
966,12,0,0.032542214,False
966,13,0,0.0003787581,False
966,14,0,4.926651e-05,False
966,15,1,0.08791234,True
966,16,0,0.3599871,True
730,0,1,0.75368875,True
730,1,0,0.008776931,False
730,2,0,0.3329072,True
730,3,0,0.015404555,False
730,4,0,0.0076559163,False
730,5,0,0.006645345,False
730,6,0,0.05705684,False
730,7,0,0.006750342,False
730,8,0,0.0005136969,False
730,9,0,0.0019633512,False
730,10,0,0.011768468,False
730,11,0,0.0005588583,False
730,12,0,0.00017933754,False
730,13,0,0.013654555,False
730,14,0,0.0018675082,False
901,0,0,0.0046736416,False
901,1,1,0.41252103,True
901,2,0,0.0035533144,False
901,3,0,0.17395902,True
901,4,0,0.0068976325,False
901,5,0,0.17774986,True
901,6,0,0.218995,True
901,7,0,0.0036062747,False
901,8,0,0.008148301,False
901,9,0,0.05222806,False
901,10,1,0.124221995,True
901,11,0,0.044075944,False
901,12,0,0.005815494,False
232,0,0,0.17693378,True
232,1,0,0.25998935,True
232,2,1,0.5729144,True
232,3,0,0.009581746,False
232,4,0,0.15442829,True
232,5,0,0.074499585,False
232,6,0,0.06223685,False
232,7,0,0.15604079,True
232,8,0,0.14414504,True
232,9,0,0.16277626,True
232,10,0,0.051483575,False
232,11,0,0.009662092,False
910,0,0,0.00357505,False
910,1,1,0.50452566,True
910,2,0,0.033711057,False
910,3,0,0.09453382,True
910,4,0,0.0058483416,False
910,5,0,0.016330551,False
910,6,0,0.0039234515,False
910,7,0,0.009656572,False
910,8,0,0.041018672,False
910,9,0,0.045013223,False
910,10,0,0.3449516,True
910,11,0,0.02704764,False
910,12,1,0.34502757,True
910,13,0,0.012250942,False
119,0,0,0.0064279414,False
119,1,0,0.002256754,False
119,2,0,0.00035878638,False
119,3,0,0.0004331444,False
119,4,0,0.000711571,False
119,5,0,0.0015160773,False
119,6,0,0.0005287774,False
119,7,0,0.000184275,False
119,8,0,0.013732423,False
119,9,0,0.0008446971,False
119,10,0,0.0010866409,False
119,11,0,0.0022489724,False
119,12,0,0.16698672,True
119,13,0,0.0169626,False
119,14,1,0.63843334,True
119,15,0,1.6709244e-05,False
119,16,0,0.029369222,False
119,17,0,0.08001411,True
119,18,0,0.0009327871,False
119,19,0,0.001565967,False
119,20,0,6.241679e-05,False
119,21,0,0.00082735467,False
906,0,1,0.6167856,True
906,1,0,0.05530471,False
906,2,0,0.08500986,True
906,3,0,0.0026718713,False
906,4,0,0.016735489,False
906,5,0,0.0023685214,False
906,6,0,0.010279124,False
906,7,0,0.069145344,False
906,8,0,0.021003498,False
906,9,0,0.015594331,False
906,10,1,0.48726365,True
906,11,0,0.049815007,False
906,12,0,0.012742644,False
724,0,1,0.63773674,True
724,1,0,0.0402071,False
724,2,0,0.09148584,True
724,3,0,0.067260996,False
724,4,0,0.011230478,False
724,5,0,0.0150946025,False
724,6,0,0.07359786,False
724,7,0,0.1239529,True
724,8,0,0.0014067647,False
724,9,0,0.0005643029,False
724,10,0,0.0049910187,False
724,11,0,0.040088892,False
724,12,0,0.06330992,False
137,0,0,0.2764847,True
137,1,0,0.024275804,False
137,2,0,0.33227074,True
137,3,0,0.025631282,False
137,4,0,0.010325102,False
137,5,0,0.014264927,False
137,6,0,0.009360014,False
137,7,1,0.09126397,True
137,8,0,0.0006238041,False
137,9,0,0.18023805,True
137,10,0,0.019677816,False
137,11,0,0.028932499,False
867,0,1,0.52056116,True
867,1,0,0.017540863,False
867,2,0,0.022606695,False
867,3,0,0.008644304,False
867,4,0,0.009982355,False
867,5,0,0.008268911,False
867,6,0,0.00433586,False
867,7,0,0.003926954,False
867,8,0,0.003257584,False
867,9,0,0.014199813,False
867,10,0,0.0030785555,False
867,11,1,0.2478783,True
867,12,0,0.014521651,False
867,13,0,0.013865147,False
867,14,0,0.07853054,False
867,15,0,0.10736454,True
867,16,0,0.054319646,False
867,17,0,0.011376115,False
867,18,0,0.033659432,False
867,19,0,0.08763141,True
95,0,0,0.069730066,False
95,1,1,0.45680195,True
95,2,0,0.039847903,False
95,3,0,0.004792817,False
95,4,0,0.04848594,False
95,5,0,0.016079636,False
95,6,0,0.017213874,False
95,7,0,0.10644604,True
95,8,0,0.11250632,True
95,9,0,0.08670229,True
95,10,0,0.08775558,True
95,11,0,0.03915926,False
794,0,1,0.58553886,True
794,1,0,0.025742358,False
794,2,0,0.012439503,False
794,3,0,0.021937506,False
794,4,0,0.043352973,False
794,5,1,0.08378315,True
794,6,0,0.048667606,False
794,7,0,0.014757858,False
794,8,0,0.09925591,True
794,9,0,0.0128701,False
794,10,0,0.010352878,False
794,11,0,0.0039613293,False
472,0,0,0.002210667,False
472,1,0,0.0021410037,False
472,2,0,0.18576026,True
472,3,0,0.0021838485,False
472,4,0,0.007357226,False
472,5,0,0.025820872,False
472,6,1,0.6048143,True
472,7,0,0.20984526,True
472,8,0,0.0024127387,False
472,9,0,0.0019374847,False
472,10,0,0.0042417604,False
755,0,0,0.027473347,False
755,1,0,0.018559488,False
755,2,1,0.009202728,False
755,3,1,0.013930156,False
755,4,0,0.049887933,False
755,5,0,0.0104758255,False
755,6,0,0.030785408,False
755,7,0,0.04918365,False
755,8,0,0.0043384586,False
755,9,0,0.2395451,True
755,10,0,0.084345795,True
755,11,0,0.26450858,True
755,12,0,0.21934387,True
755,13,0,0.43331718,True
755,14,0,0.4993829,True
755,15,0,0.024001941,False
755,16,0,0.012819301,False
755,17,0,0.013092867,False
1010,0,0,0.011404326,False
1010,1,0,0.06771438,False
1010,2,0,2.549357e-05,False
1010,3,0,0.0045028063,False
1010,4,0,0.0004898377,False
1010,5,1,0.49796736,True
1010,6,0,0.0015785889,False
1010,7,0,0.27931407,True
1010,8,0,0.00020638292,False
1010,9,0,0.0009792299,False
1010,10,0,0.0005531434,False
1010,11,0,0.006458155,False
1010,12,0,0.009333725,False
1010,13,0,0.0029279653,False
1010,14,0,0.0038730535,False
1010,15,0,0.05172269,False
1010,16,0,0.0016424677,False
1010,17,0,0.006541675,False
1010,18,0,0.031040069,False
1010,19,0,0.00068764895,False
889,0,0,0.0027033517,False
889,1,0,0.31107703,True
889,2,0,0.0022190488,False
889,3,0,0.006195752,False
889,4,0,0.005779268,False
889,5,0,0.011890834,False
889,6,0,0.034625538,False
889,7,0,0.052401263,False
889,8,1,0.051555287,False
889,9,1,0.35653323,True
889,10,0,0.056377236,False
889,11,0,0.11417414,True
889,12,0,0.0064898464,False
889,13,0,0.004788993,False
889,14,0,0.0009598681,False
889,15,0,0.061715458,False
889,16,0,0.004160086,False
889,17,0,4.5386743e-05,False
1075,0,0,0.24466458,True
1075,1,0,0.025407262,False
1075,2,0,0.035137378,False
1075,3,0,0.030678941,False
1075,4,0,0.013480273,False
1075,5,0,0.0043573068,False
1075,6,0,0.009318588,False
1075,7,0,0.17203428,True
1075,8,0,0.018333398,False
1075,9,0,0.020496389,False
1075,10,0,0.031272057,False
1075,11,0,0.07589692,False
1075,12,1,0.5623197,True
1075,13,0,0.07053083,False
1075,14,0,0.055584922,False
1075,15,0,0.055369332,False
1038,0,0,0.6158916,True
1038,1,0,0.15443712,True
1038,2,0,0.02928856,False
1038,3,0,0.078250475,False
1038,4,0,0.09501057,True
1038,5,0,0.076951556,False
1038,6,0,0.09560706,True
1038,7,0,0.08986497,True
1038,8,0,0.021015232,False
1038,9,0,0.011410251,False
1038,10,1,0.21984813,True
1038,11,0,0.000693662,False
1038,12,0,0.017783137,False
1038,13,0,0.0669319,False
717,0,0,0.0057373336,False
717,1,0,0.63038427,True
717,2,0,0.001606987,False
717,3,1,0.47704768,True
717,4,0,0.02622366,False
717,5,0,0.005242585,False
717,6,0,0.0358495,False
717,7,0,0.0048247376,False
717,8,0,0.0033896412,False
717,9,0,0.0037938233,False
717,10,0,0.0039317003,False
717,11,0,0.14096065,True
717,12,0,0.007295031,False
717,13,0,0.005121513,False
717,14,0,0.0040091067,False
717,15,0,0.0043129944,False
188,0,0,0.0030679128,False
188,1,0,0.20755257,True
188,2,0,0.0024384442,False
188,3,1,0.39983755,True
188,4,0,0.00019377809,False
188,5,0,0.0072061676,False
188,6,0,0.20076528,True
188,7,0,0.00447096,False
188,8,0,0.013665915,False
188,9,0,0.5720394,True
188,10,0,0.0262538,False
188,11,0,0.007822844,False
188,12,0,0.0003613933,False
188,13,0,0.00010656007,False
188,14,0,0.012426354,False
188,15,0,0.00071236555,False
188,16,0,0.00020872442,False
627,0,0,0.05451329,False
627,1,0,0.07826405,False
627,2,0,0.00016388217,False
627,3,0,0.18909153,True
627,4,0,0.2514462,True
627,5,0,0.004436256,False
627,6,0,0.021516552,False
627,7,0,0.039840125,False
627,8,0,0.07051911,False
627,9,0,0.09511861,True
627,10,0,0.04418317,False
627,11,0,0.051129423,False
627,12,0,0.053123,False
627,13,0,0.060813665,False
627,14,0,0.030157374,False
627,15,1,0.39439625,True
282,0,0,0.019590553,False
282,1,0,0.1352451,True
282,2,1,0.27375454,True
282,3,0,0.012300809,False
282,4,0,0.41784385,True
282,5,0,0.003278151,False
282,6,0,0.0043907687,False
282,7,0,0.041686386,False
282,8,0,0.009327577,False
282,9,0,0.04327773,False
282,10,0,0.005469176,False
282,11,0,0.2673828,True
282,12,0,0.23818205,True
282,13,0,0.29339698,True
175,0,1,0.28448012,True
175,1,0,0.015241599,False
175,2,0,0.020033492,False
175,3,0,0.022299724,False
175,4,1,0.002716574,False
175,5,0,0.063350126,False
175,6,0,0.024651993,False
175,7,1,0.11128597,True
175,8,0,0.0003115943,False
175,9,0,0.03177928,False
175,10,0,0.017574906,False
175,11,0,0.019555954,False
175,12,0,0.015549799,False
175,13,0,0.28194597,True
1172,0,0,0.020566864,False
1172,1,0,0.01324515,False
1172,2,0,0.00089261896,False
1172,3,0,0.026472975,False
1172,4,0,0.053619478,False
1172,5,0,0.06366296,False
1172,6,0,0.095775835,True
1172,7,0,0.0013938507,False
1172,8,0,0.00030492098,False
1172,9,0,0.004307592,False
1172,10,0,0.052956015,False
1172,11,0,0.10004384,True
1172,12,0,0.26257715,True
1172,13,1,0.28183717,True
1172,14,0,0.75970733,True
1172,15,0,0.000105113955,False
844,0,0,0.01669274,False
844,1,0,0.0019149693,False
844,2,0,0.0012366917,False
844,3,0,0.0018125345,False
844,4,0,0.0011016295,False
844,5,0,0.00014857898,False
844,6,0,0.0010211515,False
844,7,0,0.0022738706,False
844,8,0,0.000596962,False
844,9,0,0.00017179547,False
844,10,0,0.07308702,False
844,11,0,0.024692371,False
844,12,0,0.002325624,False
844,13,0,0.09263452,True
844,14,0,0.13484682,True
844,15,0,8.364913e-05,False
844,16,0,0.049361784,False
844,17,0,0.086653404,True
844,18,1,0.57295096,True
844,19,0,0.0003070456,False
844,20,0,4.2909123e-06,False
844,21,0,2.6070556e-06,False
844,22,0,0.06529221,False
844,23,0,0.011935923,False
462,0,1,0.03853408,False
462,1,0,0.061324228,False
462,2,0,0.040235613,False
462,3,0,0.05708898,False
462,4,0,0.034937385,False
462,5,0,0.060943965,False
462,6,0,0.06529131,False
462,7,0,0.07416821,False
462,8,0,0.008005451,False
462,9,0,0.30024484,True
462,10,0,0.3323218,True
462,11,0,0.035307452,False
885,0,0,0.0033549771,False
885,1,1,0.5447399,True
885,2,0,0.024552498,False
885,3,0,0.3649318,True
885,4,0,0.0016272431,False
885,5,0,0.027571572,False
885,6,0,0.0034785115,False
885,7,0,0.030361122,False
885,8,0,0.07233544,False
885,9,1,0.079241104,True
885,10,0,0.06059147,False
885,11,0,0.048126414,False
976,0,0,0.0024650511,False
976,1,0,0.047175393,False
976,2,0,0.00012816586,False
976,3,0,0.014548816,False
976,4,0,0.16755275,True
976,5,0,0.004642205,False
976,6,0,0.011097842,False
976,7,0,0.011294159,False
976,8,0,0.019464497,False
976,9,0,0.011594027,False
976,10,1,0.024578659,False
976,11,0,0.23637506,True
976,12,0,0.00015219461,False
976,13,0,0.104754545,True
976,14,0,0.002806541,False
976,15,0,0.025640817,False
976,16,0,1.9380808e-05,False
976,17,0,1.9733656e-05,False
976,18,0,0.0043036644,False
976,19,0,2.5210582e-05,False
976,20,0,0.0010532973,False
976,21,0,6.6935485e-05,False
976,22,0,0.089148596,True
976,23,0,0.0013019417,False
976,24,0,0.00013215964,False
639,0,0,0.8064788,True
639,1,0,0.026287707,False
639,2,0,0.08024553,True
639,3,0,8.9157074e-05,False
639,4,0,0.121534914,True
639,5,1,0.112194985,True
639,6,0,0.03188808,False
639,7,0,0.014101384,False
639,8,0,0.0480218,False
639,9,1,0.11920949,True
639,10,0,0.07219309,False
639,11,0,0.027724536,False
639,12,0,0.1263237,True
639,13,0,0.00018167826,False
390,0,0,0.2929562,True
390,1,0,0.2638204,True
390,2,0,0.24939375,True
390,3,0,0.07829676,False
390,4,0,0.14676604,True
390,5,0,0.19424343,True
390,6,0,0.3483565,True
390,7,1,0.28842562,True
390,8,0,0.23813802,True
390,9,0,0.051400825,False
620,0,1,0.5627431,True
620,1,0,0.06531204,False
620,2,0,0.2040594,True
620,3,0,0.05699616,False
620,4,0,0.024028704,False
620,5,0,0.06202573,False
620,6,0,0.080461636,True
620,7,0,0.0067946864,False
620,8,0,0.1951849,True
620,9,0,0.00037475972,False
620,10,0,0.018588983,False
620,11,0,0.009241125,False
620,12,0,0.024162406,False
620,13,0,0.05315109,False
620,14,1,0.09346689,True
620,15,0,0.0016646651,False
620,16,0,0.00036901436,False
620,17,0,0.024173677,False
991,0,0,0.002679349,False
991,1,1,0.6803787,True
991,2,0,0.056632806,False
991,3,0,0.047359157,False
991,4,0,0.08346067,True
991,5,0,0.11137987,True
991,6,0,0.055377387,False
991,7,0,0.098304756,True
991,8,0,0.1006861,True
991,9,0,0.09021789,True
991,10,0,0.06535791,False
991,11,0,0.058244903,False
1135,0,0,0.017442223,False
1135,1,1,0.65642077,True
1135,2,0,0.0049334327,False
1135,3,0,0.014351383,False
1135,4,0,0.040798485,False
1135,5,0,0.05430009,False
1135,6,0,0.02491854,False
1135,7,0,0.025399975,False
1135,8,0,0.31391406,True
1135,9,0,0.030247761,False
1135,10,0,0.022937786,False
1135,11,0,0.000329735,False
1135,12,0,0.08862401,True
1135,13,0,0.032198522,False
1135,14,0,0.025315834,False
946,0,0,0.0025988333,False
946,1,1,0.5238349,True
946,2,0,0.0010026996,False
946,3,0,0.42893034,True
946,4,0,0.00013464104,False
946,5,0,0.021835808,False
946,6,0,0.01728176,False
946,7,0,0.029164065,False
946,8,0,0.00996644,False
946,9,0,0.010551983,False
946,10,0,0.0061591594,False
946,11,0,0.007336969,False
946,12,0,0.006203767,False
946,13,0,0.005696101,False
946,14,1,0.36567625,True
237,0,0,0.0068832007,False
237,1,1,0.3832635,True
237,2,0,0.02022672,False
237,3,0,0.42946872,True
237,4,0,0.0006932779,False
237,5,0,0.0099482,False
237,6,0,0.016038815,False
237,7,0,0.058516834,False
237,8,0,0.008664547,False
237,9,0,0.009649652,False
237,10,1,0.2080657,True
237,11,0,0.13365127,True
237,12,0,0.006074274,False
811,0,0,0.019112071,False
811,1,0,0.4634118,True
811,2,0,0.00051704346,False
811,3,0,0.023684813,False
811,4,0,0.16115963,True
811,5,0,0.0089366445,False
811,6,0,0.09415662,True
811,7,0,0.006118416,False
811,8,0,0.01826143,False
811,9,0,0.050189078,False
811,10,1,0.048981875,False
811,11,0,0.05345039,False
811,12,0,0.0372743,False
36,0,1,0.32818598,True
36,1,0,0.011165368,False
36,2,0,0.0088120205,False
36,3,0,0.024260731,False
36,4,0,0.007875473,False
36,5,1,0.19213757,True
36,6,1,0.17245889,True
36,7,0,0.06684661,False
36,8,0,0.00036003615,False
36,9,0,0.113343395,True
36,10,0,0.016074056,False
36,11,0,0.02304979,False
36,12,0,0.04088575,False
36,13,1,0.24128012,True
1069,0,0,0.47190034,True
1069,1,0,0.013197032,False
1069,2,0,0.075373806,False
1069,3,0,0.05545459,False
1069,4,0,0.04221715,False
1069,5,0,0.00024712444,False
1069,6,0,0.1391855,True
1069,7,0,0.033320725,False
1069,8,0,0.1604736,True
1069,9,0,0.1322222,True
1069,10,0,0.0017041853,False
1069,11,0,0.0023421026,False
1069,12,0,0.0118450755,False
1069,13,0,0.025963023,False
1069,14,1,0.233562,True
1069,15,0,0.010892269,False
1069,16,0,0.33154523,True
1069,17,0,0.00033727995,False
1069,18,0,9.527554e-05,False
253,0,0,0.014473377,False
253,1,0,0.2772401,True
253,2,0,0.00033362114,False
253,3,0,0.044179276,False
253,4,0,0.21830061,True
253,5,0,0.0037307686,False
253,6,0,0.00039952775,False
253,7,0,0.026791971,False
253,8,0,0.016934661,False
253,9,0,0.014818653,False
253,10,0,0.34499174,True
253,11,0,0.011631995,False
253,12,1,0.37501973,True
253,13,0,0.012556722,False
1013,0,0,0.040248707,False
1013,1,0,0.05559391,False
1013,2,0,0.029534567,False
1013,3,0,0.053554706,False
1013,4,0,0.15205073,True
1013,5,0,0.0002612411,False
1013,6,0,0.007320193,False
1013,7,0,0.010504465,False
1013,8,0,0.010873042,False
1013,9,0,0.034558553,False
1013,10,0,0.027815755,False
1013,11,0,0.02122376,False
1013,12,0,0.0010668015,False
1013,13,0,0.00031858703,False
1013,14,0,0.03697324,False
1013,15,0,0.031198468,False
1013,16,0,0.028493123,False
1013,17,1,0.39695203,True
1013,18,0,0.017872853,False
457,0,0,0.06736172,False
457,1,0,0.052738156,False
457,2,0,0.04292125,False
457,3,0,0.027771795,False
457,4,0,0.01645698,False
457,5,0,0.015429013,False
457,6,0,0.046285976,False
457,7,0,0.45618385,True
457,8,0,0.0009826148,False
457,9,0,0.017084518,False
457,10,1,0.7770113,True
457,11,0,0.0018471412,False
629,0,0,0.19031045,True
629,1,0,0.047026146,False
629,2,0,0.02459419,False
629,3,0,0.042907193,False
629,4,0,0.060837843,False
629,5,0,0.104602754,True
629,6,0,0.17067885,True
629,7,0,0.025788346,False
629,8,0,0.039607476,False
629,9,0,0.011176471,False
629,10,0,0.04353659,False
629,11,1,0.091603525,True
629,12,0,0.0073716464,False
629,13,0,0.2969986,True
629,14,0,0.031114077,False
629,15,0,0.034053028,False
1062,0,0,0.07189069,False
1062,1,0,0.045239963,False
1062,2,0,0.0034773333,False
1062,3,0,0.0054234415,False
1062,4,0,2.6060938e-05,False
1062,5,0,0.00026746318,False
1062,6,0,0.00019787115,False
1062,7,0,0.00076754106,False
1062,8,0,2.9048795e-05,False
1062,9,0,0.005950776,False
1062,10,1,0.3182165,True
1062,11,0,0.002053247,False
1062,12,0,0.061666854,False
1062,13,0,0.01041396,False
1062,14,0,0.20790087,True
1062,15,0,0.03544407,False
1062,16,0,0.00010311392,False
1062,17,0,0.07824028,False
1062,18,0,3.8569742e-05,False
1062,19,0,0.032290924,False
1062,20,0,0.00017977241,False
1062,21,0,1.6343256e-05,False
1219,0,0,0.052564427,False
1219,1,0,0.034623146,False
1219,2,1,0.33203453,True
1219,3,0,0.047194544,False
1219,4,1,0.13114032,True
1219,5,0,0.3509284,True
1219,6,0,0.005460186,False
1219,7,0,0.012673163,False
1219,8,0,0.0025270889,False
1219,9,0,0.00027362723,False
1219,10,0,0.06467457,False
1219,11,0,0.012076713,False
1219,12,0,0.00059085485,False
1219,13,0,0.054836433,False
1219,14,0,0.0014430123,False
1219,15,0,0.0004877099,False
1219,16,0,0.122192144,True
1219,17,0,0.02231788,False
1219,18,0,3.3835044e-05,False
1076,0,0,0.2520778,True
1076,1,0,0.018421326,False
1076,2,0,0.04351237,False
1076,3,0,0.036519613,False
1076,4,0,0.020749066,False
1076,5,0,0.00692724,False
1076,6,0,0.016830413,False
1076,7,0,0.09363524,True
1076,8,0,0.014924593,False
1076,9,0,0.022726709,False
1076,10,0,0.06181223,False
1076,11,0,0.11929932,True
1076,12,0,0.09870711,True
1076,13,1,0.5581774,True
1076,14,0,0.12026639,True
1076,15,0,0.05045005,False
1121,0,0,0.4644775,True
1121,1,0,0.005076999,False
1121,2,0,0.024416603,False
1121,3,0,0.0049780756,False
1121,4,0,0.0028381704,False
1121,5,0,0.0047847903,False
1121,6,0,0.06271113,False
1121,7,0,0.007658605,False
1121,8,0,5.569186e-05,False
1121,9,0,9.504777e-05,False
1121,10,0,0.0018978646,False
1121,11,0,0.0028521991,False
1121,12,0,0.007060158,False
1121,13,0,0.003081466,False
1121,14,0,0.02345411,False
1121,15,1,0.50203115,True
1121,16,0,9.1258036e-05,False
1121,17,0,0.005457509,False
1121,18,0,0.003660276,False
1121,19,0,0.0046094544,False
1121,20,0,0.0065501565,False
664,0,0,0.35257292,True
664,1,0,0.15335107,True
664,2,0,0.0120318355,False
664,3,0,0.16891387,True
664,4,0,0.00027353826,False
664,5,0,0.0030570102,False
664,6,0,4.4646957e-05,False
664,7,0,0.018287223,False
664,8,0,0.0121769365,False
664,9,1,0.04187844,False
664,10,0,0.065467514,False
664,11,0,0.06799224,False
664,12,0,0.060955796,False
664,13,0,0.030434005,False
664,14,0,0.0013018369,False
664,15,0,4.7644786e-05,False
757,0,0,0.034226224,False
757,1,0,0.06827489,False
757,2,0,0.01150201,False
757,3,0,0.057432655,False
757,4,1,0.9196094,True
757,5,0,0.02034392,False
757,6,0,0.017458182,False
757,7,1,0.40433216,True
757,8,0,0.024494259,False
757,9,0,0.023114106,False
757,10,0,0.039740786,False
757,11,0,0.034698416,False
757,12,0,0.039108157,False
149,0,0,0.10422232,True
149,1,0,0.10217367,True
149,2,0,0.05503091,False
149,3,0,0.10309533,True
149,4,0,0.024922512,False
149,5,0,0.022577766,False
149,6,0,0.57156277,True
149,7,0,0.06455078,False
149,8,0,0.08628333,True
149,9,0,0.07753769,False
149,10,0,0.0123735415,False
149,11,1,0.31896013,True
149,12,0,0.3011326,True
176,0,0,0.5073269,True
176,1,0,0.027811663,False
176,2,0,0.023940677,False
176,3,0,0.028615495,False
176,4,0,0.01074346,False
176,5,0,0.2983553,True
176,6,0,0.0041139675,False
176,7,0,0.08365838,True
176,8,0,0.01962434,False
176,9,0,0.23342593,True
176,10,0,0.010749811,False
176,11,0,0.30905923,True
176,12,1,0.07739865,False
176,13,0,0.001137509,False
737,0,0,0.039246317,False
737,1,1,0.21677408,True
737,2,0,0.00020927381,False
737,3,1,0.29359803,True
737,4,0,0.032678016,False
737,5,0,0.08996988,True
737,6,0,0.096687816,True
737,7,0,0.026999805,False
737,8,0,0.030428426,False
737,9,0,0.1357889,True
737,10,0,0.16902891,True
737,11,0,0.045107383,False
737,12,0,0.01444006,False
737,13,0,0.10055454,True
902,0,0,0.0072971974,False
902,1,1,0.4829706,True
902,2,0,0.07839723,False
902,3,0,0.14993532,True
902,4,0,0.0024196578,False
902,5,0,0.0484999,False
902,6,0,0.011228985,False
902,7,0,0.010131488,False
902,8,0,0.052699916,False
902,9,0,0.037337057,False
902,10,1,0.48614857,True
902,11,0,0.07003593,False
902,12,0,0.012695748,False
183,0,0,0.09676809,True
183,1,0,0.35665354,True
183,2,0,0.04679323,False
183,3,0,0.020924859,False
183,4,0,0.006760923,False
183,5,0,0.0025395488,False
183,6,0,0.049683522,False
183,7,1,0.90799177,True
183,8,0,0.05495528,False
183,9,0,0.0020127334,False
183,10,0,0.008124336,False
183,11,0,0.020623252,False
615,0,0,0.29510072,True
615,1,1,0.5281118,True
615,2,0,0.107053906,True
615,3,0,0.37049052,True
615,4,0,0.21563053,True
615,5,0,0.0037822977,False
615,6,0,0.057183042,False
615,7,0,0.024541821,False
615,8,0,0.04517298,False
615,9,0,0.0113465125,False
615,10,0,0.003553615,False
615,11,0,0.008852365,False
615,12,0,0.083142765,True
615,13,0,0.0012210981,False
615,14,0,0.00027334978,False
615,15,0,0.06973987,False
615,16,0,0.0005487977,False
615,17,0,0.0002319563,False
470,0,0,0.019288363,False
470,1,0,0.010217963,False
470,2,0,0.020970637,False
470,3,0,0.21992719,True
470,4,0,0.00762024,False
470,5,0,0.04925244,False
470,6,0,0.08209998,True
470,7,0,0.023077453,False
470,8,0,0.0038104842,False
470,9,0,0.14014082,True
470,10,0,0.07839148,False
470,11,1,0.20195471,True
470,12,0,0.0009830213,False
470,13,0,0.038781118,False
470,14,0,0.000397649,False
470,15,0,0.027755596,False
389,0,0,0.34836757,True
389,1,0,0.21969517,True
389,2,0,0.2796015,True
389,3,1,0.093374915,True
389,4,0,0.10633625,True
389,5,0,0.12066687,True
389,6,0,0.18121018,True
389,7,0,0.02714296,False
389,8,0,0.33410776,True
389,9,0,0.19538775,True
610,0,0,0.02236293,False
610,1,1,0.72049105,True
610,2,0,0.030253028,False
610,3,0,0.019038402,False
610,4,1,0.07884609,True
610,5,0,0.06225756,False
610,6,0,0.07698155,False
610,7,0,0.09080072,True
610,8,0,0.04884121,False
610,9,0,0.06319643,False
610,10,0,9.760067e-05,False
610,11,0,0.14190966,True
610,12,0,0.061006255,False
610,13,0,0.05061684,False
226,0,0,0.04336975,False
226,1,0,0.003664596,False
226,2,0,0.0035826103,False
226,3,0,0.0068958397,False
226,4,0,0.014143901,False
226,5,0,0.021042924,False
226,6,0,0.0021026863,False
226,7,0,0.007886114,False
226,8,0,0.0054463013,False
226,9,0,0.000818277,False
226,10,1,0.29024902,True
226,11,0,0.026685944,False
226,12,0,0.03881349,False
226,13,0,0.10337608,True
226,14,0,0.086109385,True
226,15,0,0.13243581,True
226,16,0,0.17436033,True
226,17,0,0.02459659,False
226,18,0,0.04494989,False
704,0,0,0.2377,True
704,1,0,0.008661635,False
704,2,0,0.23897621,True
704,3,0,0.10787648,True
704,4,0,0.0009726782,False
704,5,0,0.019079078,False
704,6,0,0.0062756003,False
704,7,0,0.0019217884,False
704,8,0,0.0022528395,False
704,9,0,0.0020704712,False
704,10,0,0.005526866,False
704,11,0,0.010697951,False
704,12,1,0.3666202,True
704,13,0,0.00010509211,False
704,14,0,0.0038555409,False
704,15,0,0.111260675,True
704,16,0,0.0082959905,False
116,0,0,0.00013164635,False
116,1,0,0.0049211374,False
116,2,0,0.0025916966,False
116,3,0,0.01115689,False
116,4,0,0.0064082257,False
116,5,0,0.0014536586,False
116,6,0,0.004247159,False
116,7,0,0.0031074379,False
116,8,0,0.005974873,False
116,9,0,0.00052722933,False
116,10,1,0.598408,True
116,11,0,0.007906697,False
116,12,0,0.018038215,False
116,13,0,0.07263139,False
116,14,0,0.043260116,False
116,15,0,0.1496067,True
116,16,0,0.19497555,True
116,17,0,0.035755534,False
116,18,0,0.11321821,True
631,0,0,0.054698873,False
631,1,0,0.0026904112,False
631,2,0,0.02261998,False
631,3,0,0.12838537,True
631,4,0,0.0055097076,False
631,5,0,0.011213779,False
631,6,0,0.013814737,False
631,7,0,0.017310247,False
631,8,0,0.009561576,False
631,9,1,0.6227155,True
631,10,0,0.19748937,True
631,11,0,0.010073939,False
631,12,0,0.023594527,False
631,13,0,0.05791462,False
631,14,1,0.05648007,False
631,15,0,0.06602997,False
631,16,0,0.0109066935,False
546,0,0,0.5250134,True
546,1,0,0.03334291,False
546,2,0,0.052611705,False
546,3,0,0.079607725,True
546,4,0,0.07465187,False
546,5,0,0.04781515,False
546,6,0,0.0625365,False
546,7,0,0.053468652,False
546,8,0,0.01352387,False
546,9,0,0.08766306,True
546,10,0,0.036247138,False
546,11,0,0.03408664,False
546,12,0,0.0272775,False
546,13,1,0.21773373,True
535,0,0,0.24196687,True
535,1,0,0.07739593,False
535,2,0,0.022163782,False
535,3,0,0.024994982,False
535,4,0,0.015701212,False
535,5,0,0.10847766,True
535,6,1,0.13694133,True
535,7,0,0.050846238,False
535,8,0,0.08992213,True
535,9,0,0.05383647,False
535,10,0,0.18211943,True
535,11,0,0.1558375,True
535,12,0,0.11270401,True
535,13,0,0.014952831,False
1111,0,0,0.22583848,True
1111,1,0,0.800177,True
1111,2,0,0.0010094878,False
1111,3,0,0.0227861,False
1111,4,0,0.028003262,False
1111,5,0,0.14435762,True
1111,6,0,0.019281996,False
1111,7,0,0.015219313,False
1111,8,0,0.049382854,False
1111,9,0,0.02089747,False
1111,10,0,0.009213186,False
1111,11,0,0.0071458905,False
1111,12,1,0.117557004,True
1111,13,0,0.0052939015,False
1111,14,0,0.00596549,False
1111,15,0,0.0016706819,False
1122,0,0,0.018210508,False
1122,1,0,0.00518659,False
1122,2,0,0.0033752806,False
1122,3,0,0.005774344,False
1122,4,0,0.0024572662,False
1122,5,0,0.041007265,False
1122,6,0,0.014308939,False
1122,7,0,0.020674208,False
1122,8,0,0.029918779,False
1122,9,0,0.033696458,False
1122,10,0,0.64412045,True
1122,11,1,0.97329456,True
1122,12,1,0.706975,True
949,0,0,0.0025300833,False
949,1,0,0.0012646713,False
949,2,0,0.024794402,False
949,3,0,0.0031851393,False
949,4,0,0.0037231147,False
949,5,1,0.2280151,True
949,6,0,0.03251773,False
949,7,0,0.2823807,True
949,8,0,0.0008781014,False
949,9,0,0.00058355095,False
949,10,0,0.008544448,False
949,11,0,0.19765344,True
949,12,0,0.00013697716,False
949,13,0,0.005436353,False
949,14,0,0.00092689734,False
949,15,0,0.0017091956,False
814,0,0,0.033053838,False
814,1,0,0.019765738,False
814,2,0,0.057807855,False
814,3,0,0.18328147,True
814,4,0,0.11530253,True
814,5,0,0.05448775,False
814,6,0,0.26208305,True
814,7,0,0.007943734,False
814,8,0,0.011691928,False
814,9,0,0.11977851,True
814,10,1,0.08660017,True
814,11,0,0.11824366,True
814,12,0,0.021152833,False
585,0,1,0.3048895,True
585,1,0,0.057398036,False
585,2,0,0.03285786,False
585,3,0,0.11705922,True
585,4,1,0.09243147,True
585,5,0,0.14176612,True
585,6,0,0.1260863,True
585,7,0,0.12003799,True
585,8,0,0.13454667,True
585,9,0,0.08972114,True
585,10,0,0.046753895,False
32,0,1,0.33686116,True
32,1,0,0.018223215,False
32,2,0,0.022729177,False
32,3,0,0.04635186,False
32,4,1,0.0133474525,False
32,5,0,0.018007737,False
32,6,0,0.057652622,False
32,7,0,0.011420918,False
32,8,0,0.014956096,False
32,9,0,0.41329604,True
32,10,0,0.036079045,False
32,11,0,0.00011410117,False
32,12,0,0.40309253,True
32,13,0,0.037608936,False
1197,0,0,0.0050121816,False
1197,1,0,0.2815515,True
1197,2,0,7.302002e-05,False
1197,3,0,0.011835663,False
1197,4,0,0.0012950975,False
1197,5,0,0.0017333587,False
1197,6,0,0.0033829517,False
1197,7,0,0.051540118,False
1197,8,0,0.00595825,False
1197,9,1,0.60985774,True
1197,10,0,0.000115047405,False
1197,11,0,0.0066421796,False
1197,12,0,0.0010239931,False
1197,13,0,0.059480842,False
1197,14,0,0.053366378,False
1197,15,0,0.04837084,False
1197,16,0,0.00052118796,False
1197,17,0,0.00070650113,False
1197,18,0,0.0022928624,False
1197,19,0,0.0010783329,False
1011,0,0,0.27872586,True
1011,1,0,0.0014615984,False
1011,2,0,0.07239322,False
1011,3,0,0.09445953,True
1011,4,0,0.024759844,False
1011,5,0,0.021177052,False
1011,6,0,0.025316993,False
1011,7,0,0.014023077,False
1011,8,0,0.010551808,False
1011,9,1,0.64795756,True
1011,10,0,0.0005798399,False
1011,11,0,0.009150653,False
1011,12,0,0.03408168,False
1011,13,0,0.03631776,False
1011,14,0,0.09521784,True
1011,15,0,0.052750833,False
1011,16,0,0.0031648476,False
952,0,0,0.0063126236,False
952,1,0,0.59427494,True
952,2,0,4.509286e-05,False
952,3,0,0.0022166998,False
952,4,0,0.02905749,False
952,5,0,0.1654425,True
952,6,0,0.0030747456,False
952,7,0,0.005279628,False
952,8,0,0.035944387,False
952,9,0,0.029325163,False
952,10,0,0.010885392,False
952,11,0,0.008151089,False
952,12,0,0.01607901,False
952,13,1,0.002018233,False
952,14,0,0.0021437,False
952,15,0,0.04237708,False
952,16,0,0.00063687854,False
952,17,0,0.069325894,False
952,18,0,6.483628e-05,False
952,19,0,0.0155938035,False
251,0,0,0.47223485,True
251,1,0,0.021661779,False
251,2,0,0.12047242,True
251,3,0,0.011382643,False
251,4,0,0.3692496,True
251,5,0,0.0008220193,False
251,6,0,0.004597118,False
251,7,0,0.00852947,False
251,8,0,0.015681282,False
251,9,0,0.009089863,False
251,10,1,0.29108465,True
251,11,0,0.009425403,False
251,12,1,0.25881377,True
251,13,0,0.0077497894,False
522,0,0,0.4097221,True
522,1,1,0.121757716,True
522,2,0,0.020236209,False
522,3,0,0.017047362,False
522,4,0,0.0058174217,False
522,5,0,0.00020621455,False
522,6,0,0.00020260179,False
522,7,0,0.0016103359,False
522,8,0,0.041148692,False
522,9,0,0.040792488,False
522,10,0,0.076757945,False
522,11,0,0.06468445,False
522,12,0,0.07688019,False
522,13,0,0.12129817,True
522,14,0,0.05615049,False
522,15,0,0.04141317,False
606,0,0,0.021694843,False
606,1,0,0.010012465,False
606,2,0,0.003659104,False
606,3,0,0.029463423,False
606,4,0,0.05870674,False
606,5,0,0.047645427,False
606,6,0,0.043045726,False
606,7,0,0.58427453,True
606,8,1,0.9365756,True
606,9,1,0.6848539,True
606,10,0,0.12619199,True
606,11,0,0.11346901,True
835,0,0,0.70719385,True
835,1,0,0.021747189,False
835,2,1,0.21481359,True
835,3,0,8.237319e-05,False
835,4,0,0.009611454,False
835,5,0,0.0063834223,False
835,6,0,0.020425253,False
835,7,0,0.147386,True
835,8,0,0.054265868,False
835,9,0,0.07738148,False
835,10,0,0.0044291243,False
835,11,0,0.0048324703,False
835,12,0,0.25004438,True
835,13,0,0.0041912515,False
835,14,0,0.008390718,False
307,0,0,0.06774385,False
307,1,0,0.17274737,True
307,2,0,0.009864274,False
307,3,0,0.011171592,False
307,4,0,0.09688669,True
307,5,0,0.09893604,True
307,6,0,0.0038969023,False
307,7,0,0.004799907,False
307,8,0,0.6806109,True
307,9,0,0.019259965,False
307,10,1,0.107415825,True
1063,0,0,0.098356105,True
1063,1,0,0.026631227,False
1063,2,0,0.000110004774,False
1063,3,0,0.0006727044,False
1063,4,0,0.008011736,False
1063,5,0,0.001136283,False
1063,6,0,0.001245829,False
1063,7,0,0.09424527,True
1063,8,0,5.434655e-05,False
1063,9,0,0.069604896,False
1063,10,0,0.003245442,False
1063,11,0,0.0154369185,False
1063,12,1,0.54826653,True
1063,13,0,0.026493018,False
1063,14,0,0.014497678,False
1063,15,0,0.011981667,False
1063,16,0,0.019261425,False
1063,17,0,0.028625673,False
1063,18,0,0.004971488,False
1063,19,0,0.00039723242,False
1063,20,0,3.4914206e-05,False
1031,0,0,0.45441046,True
1031,1,0,0.014713073,False
1031,2,0,0.014814093,False
1031,3,0,0.088730685,True
1031,4,0,0.0970185,True
1031,5,0,0.07984772,True
1031,6,0,0.034917213,False
1031,7,0,0.00782689,False
1031,8,1,0.46375355,True
1031,9,0,0.13590625,True
1031,10,0,0.024060007,False
1031,11,0,0.07717376,False
1031,12,0,0.021913402,False
1117,0,0,0.0010369266,False
1117,1,0,0.13205718,True
1117,2,0,0.0005043518,False
1117,3,0,0.0021194336,False
1117,4,0,0.002399367,False
1117,5,0,0.12729704,True
1117,6,0,0.00019739609,False
1117,7,0,0.09082611,True
1117,8,0,0.009768117,False
1117,9,0,0.00012770596,False
1117,10,0,0.03296975,False
1117,11,0,0.014467222,False
1117,12,0,0.0141990315,False
1117,13,0,0.0031598422,False
1117,14,1,0.49557284,True
1117,15,1,0.068325974,False
1117,16,0,0.0038750817,False
1117,17,0,0.0019357225,False
160,0,0,0.04920038,False
160,1,0,0.032316983,False
160,2,0,0.08133964,True
160,3,0,0.000514139,False
160,4,0,0.05772262,False
160,5,0,0.009206046,False
160,6,0,0.015159392,False
160,7,0,0.006348191,False
160,8,0,0.007112742,False
160,9,1,0.40600982,True
160,10,0,0.070492245,False
160,11,0,0.0059240134,False
160,12,0,0.008178977,False
82,0,0,0.00018502821,False
82,1,0,0.4077651,True
82,2,0,0.010088529,False
82,3,0,0.029526366,False
82,4,0,0.00096554105,False
82,5,0,0.03814165,False
82,6,0,0.36160967,True
82,7,0,0.0033411472,False
82,8,0,0.00231914,False
82,9,0,0.043077238,False
82,10,1,0.04957994,False
82,11,1,0.041153792,False
82,12,0,0.0039790976,False
291,0,0,6.915564e-07,False
291,1,1,0.41437894,True
291,2,0,0.00092833483,False
291,3,0,0.0028875384,False
291,4,1,0.0011082392,False
291,5,0,0.68560445,True
291,6,0,2.0863079e-06,False
291,7,0,0.0006293919,False
291,8,0,0.00068305206,False
291,9,0,0.038660876,False
291,10,0,0.00042470155,False
291,11,0,0.00014575983,False
291,12,0,0.053314872,False
291,13,0,5.5356635e-05,False
291,14,0,0.0009304912,False
291,15,0,0.00032718477,False
291,16,0,0.0010638685,False
291,17,0,0.0014340094,False
291,18,0,0.00012958831,False
291,19,0,0.0008906777,False
291,20,0,0.003361984,False
291,21,0,0.00043733107,False
291,22,0,6.800609e-05,False
291,23,0,0.00069193245,False
291,24,0,0.0016760654,False
291,25,0,0.0025583839,False
291,26,0,0.0025109989,False
248,0,0,0.0007680155,False
248,1,1,0.34676835,True
248,2,0,0.0126955025,False
248,3,0,0.2936536,True
248,4,0,0.0002916772,False
248,5,0,0.0051773936,False
248,6,0,0.014354324,False
248,7,0,0.015740596,False
248,8,0,0.017107554,False
248,9,0,0.274392,True
248,10,0,0.0048029395,False
248,11,0,0.006485028,False
248,12,0,0.31625876,True
248,13,0,0.016606864,False
431,0,0,0.023353966,False
431,1,0,0.1891738,True
431,2,0,0.0061863465,False
431,3,0,0.01162571,False
431,4,1,0.59199166,True
431,5,0,0.00011634525,False
431,6,0,0.003825641,False
431,7,0,0.04039257,False
431,8,0,0.0019150503,False
431,9,0,0.055883817,False
431,10,1,0.60002726,True
431,11,0,0.00018568142,False
431,12,0,0.0027238154,False
431,13,0,0.04476652,False
431,14,0,0.04969076,False
431,15,0,0.005270728,False
431,16,0,0.017787335,False
431,17,0,0.09003061,True
431,18,0,0.00010210445,False
431,19,0,0.013936091,False
1168,0,0,0.010584656,False
1168,1,0,0.0027120279,False
1168,2,0,0.004378086,False
1168,3,0,0.30218652,True
1168,4,0,0.12238274,True
1168,5,0,0.037701778,False
1168,6,0,5.1487663e-05,False
1168,7,0,0.00011676692,False
1168,8,1,0.7416528,True
1168,9,0,8.467188e-05,False
1168,10,0,0.0062999334,False
1168,11,0,0.0760513,False
1168,12,0,0.0025954416,False
1168,13,0,0.004713045,False
1168,14,0,0.001760395,False
1168,15,0,0.0009083888,False
1168,16,0,0.0006482157,False
1168,17,0,0.005316959,False
1168,18,0,3.8864193e-05,False
1168,19,0,0.008834436,False
1132,0,1,0.18805005,True
1132,1,0,0.008190299,False
1132,2,0,0.00943378,False
1132,3,0,0.07237715,False
1132,4,0,0.05216476,False
1132,5,0,0.06843831,False
1132,6,0,0.04110748,False
1132,7,0,0.057848845,False
1132,8,0,0.12116849,True
1132,9,0,0.00036450336,False
1132,10,0,0.11533962,True
1132,11,0,0.0850487,True
1132,12,0,0.22268999,True
1132,13,0,0.038073603,False
1132,14,0,0.027282828,False
71,0,0,4.999828e-05,False
71,1,0,0.08203451,True
71,2,0,0.0020289845,False
71,3,1,0.1949553,True
71,4,0,0.0004565078,False
71,5,0,0.066104084,False
71,6,0,0.092996046,True
71,7,0,0.09501377,True
71,8,0,0.0015893326,False
71,9,0,0.0002797708,False
71,10,0,0.0005452182,False
71,11,0,0.000907532,False
71,12,0,0.0063453643,False
71,13,0,0.003354019,False
71,14,0,0.001677534,False
71,15,0,0.001771586,False
71,16,0,0.06864063,False
51,0,0,0.028700026,False
51,1,0,0.8056474,True
51,2,0,0.18400057,True
51,3,1,0.21452036,True
51,4,0,0.009579321,False
51,5,0,0.033145256,False
51,6,0,0.04406628,False
51,7,0,0.059991978,False
51,8,0,0.019096028,False
51,9,0,0.010211488,False
51,10,0,0.0007536419,False
51,11,0,0.00025729084,False
51,12,0,0.00024783847,False
51,13,0,0.0127986325,False
921,0,1,0.25032154,True
921,1,0,0.004745468,False
921,2,0,0.02076815,False
921,3,0,0.042040057,False
921,4,0,0.033301417,False
921,5,0,0.014715526,False
921,6,0,0.006965837,False
921,7,0,0.020497615,False
921,8,0,0.1901424,True
921,9,0,0.0025132725,False
921,10,0,0.008798179,False
921,11,0,0.020508733,False
921,12,0,0.018934222,False
921,13,0,0.48322856,True
290,0,0,0.20971599,True
290,1,0,0.17574231,True
290,2,0,0.098723896,True
290,3,0,0.1315686,True
290,4,0,0.008521932,False
290,5,0,0.0106561,False
290,6,0,0.010326286,False
290,7,0,0.014242275,False
290,8,0,0.017793328,False
290,9,0,0.0485005,False
290,10,0,0.011569087,False
290,11,0,0.008595155,False
290,12,0,0.048046224,False
290,13,0,0.009818769,False
290,14,1,0.5699298,True
1052,0,0,0.00021001342,False
1052,1,0,0.20438656,True
1052,2,0,0.08927134,True
1052,3,0,0.25169885,True
1052,4,0,0.0033324205,False
1052,5,0,0.012746346,False
1052,6,0,0.11223232,True
1052,7,0,0.058481865,False
1052,8,1,0.14129944,True
1052,9,0,0.14658777,True
1052,10,0,0.16063486,True
1052,11,0,0.08742505,True
1052,12,0,0.12769872,True
1052,13,0,0.06132035,False
1052,14,0,0.07850048,False
973,0,0,0.0017060392,False
973,1,0,0.0010537374,False
973,2,0,0.001615509,False
973,3,0,0.004441994,False
973,4,0,0.018936994,False
973,5,0,0.0039682514,False
973,6,0,0.0010812717,False
973,7,1,0.5815933,True
973,8,0,0.006657011,False
973,9,0,0.54652643,True
973,10,0,9.029305e-05,False
973,11,0,0.0032790406,False
973,12,0,0.0083504105,False
973,13,0,0.024956396,False
973,14,0,0.022745395,False
973,15,0,0.011602184,False
973,16,0,0.008058098,False
973,17,0,0.2740541,True
1068,0,0,0.49470094,True
1068,1,0,0.013617703,False
1068,2,0,0.052608896,False
1068,3,0,0.12569205,True
1068,4,0,0.08275108,True
1068,5,0,0.00017381673,False
1068,6,0,0.17336525,True
1068,7,0,0.039200816,False
1068,8,0,0.19171274,True
1068,9,0,0.15159671,True
1068,10,0,0.0025539156,False
1068,11,0,0.005663409,False
1068,12,0,0.04922382,False
1068,13,0,0.04434682,False
1068,14,1,0.47577435,True
1068,15,1,0.038816538,False
1068,16,0,0.00039281228,False
1068,17,0,0.0001805487,False
345,0,0,0.44730067,True
345,1,0,0.013339449,False
345,2,0,0.10320776,True
345,3,0,0.050867926,False
345,4,0,0.19646682,True
345,5,0,0.004922522,False
345,6,0,0.002447338,False
345,7,0,0.017406033,False
345,8,0,0.012665181,False
345,9,0,0.41976193,True
345,10,0,0.027375225,False
345,11,0,0.0020412041,False
345,12,0,0.009140127,False
345,13,1,0.14204921,True
104,0,0,0.27624154,True
104,1,0,0.006967482,False
104,2,0,0.023994785,False
104,3,0,0.002645681,False
104,4,0,0.0027958092,False
104,5,1,0.30597037,True
104,6,0,0.00027551226,False
104,7,0,0.008902787,False
104,8,0,0.13621292,True
104,9,0,0.012603463,False
104,10,0,0.060152728,False
104,11,0,0.00040728843,False
104,12,0,0.054421406,False
104,13,0,0.0029129288,False
104,14,0,0.012486641,False
1085,0,0,0.009070038,False
1085,1,0,0.002932766,False
1085,2,0,0.00635222,False
1085,3,0,0.0009182539,False
1085,4,0,0.008299268,False
1085,5,0,0.008054086,False
1085,6,0,0.016516183,False
1085,7,1,0.95369613,True
1085,8,0,0.0054431558,False
1085,9,0,0.00299566,False
1085,10,0,0.009128863,False
1085,11,0,0.0047280933,False
1085,12,0,0.011552709,False
1085,13,0,1.2331187e-05,False
1085,14,0,0.022661826,False
1085,15,0,0.003192181,False
1085,16,0,5.793444e-06,False
1085,17,0,0.017514225,False
1085,18,0,0.011201878,False
1085,19,0,7.6168208e-06,False
531,0,1,0.5887568,True
531,1,0,0.046127375,False
531,2,0,0.044745475,False
531,3,0,0.036904626,False
531,4,0,0.050754678,False
531,5,0,0.070670955,False
531,6,0,0.12959155,True
531,7,0,0.062884964,False
531,8,0,0.0013370743,False
531,9,0,4.1971976e-05,False
531,10,0,0.057028342,False
531,11,0,0.06873413,False
703,0,0,0.004003758,False
703,1,0,0.0022391353,False
703,2,0,0.05124493,False
703,3,0,0.0147613175,False
703,4,0,0.027951198,False
703,5,0,0.10370359,True
703,6,1,0.035351142,False
703,7,0,0.04509469,False
703,8,0,0.33299872,True
703,9,0,0.0021257733,False
703,10,0,0.013850408,False
703,11,0,0.003966772,False
703,12,0,0.0067690397,False
703,13,0,0.06504949,False
703,14,0,0.0061867153,False
703,15,0,0.074700765,False
703,16,0,0.00010216289,False
703,17,0,0.068750694,False
703,18,0,0.16949336,True
565,0,1,0.40163058,True
565,1,0,0.039164107,False
565,2,0,0.024628308,False
565,3,0,0.032393605,False
565,4,0,0.061078344,False
565,5,0,0.03638748,False
565,6,0,0.086589046,True
565,7,0,0.0797588,True
565,8,0,0.12725309,True
565,9,0,0.09231732,True
565,10,0,0.040066123,False
228,0,0,0.015787072,False
228,1,1,0.4432959,True
228,2,0,0.033567924,False
228,3,0,0.48674244,True
228,4,0,0.17705433,True
228,5,0,0.00030554025,False
228,6,0,0.0019059939,False
228,7,0,0.008303378,False
228,8,0,0.07390608,False
228,9,0,0.12696213,True
228,10,0,0.18003307,True
228,11,0,0.0017266939,False
822,0,0,0.0064807404,False
822,1,0,0.327445,True
822,2,0,0.0017415745,False
822,3,0,0.017918311,False
822,4,0,0.21987016,True
822,5,0,0.014328919,False
822,6,0,0.0027649375,False
822,7,0,0.0065183914,False
822,8,0,0.017907465,False
822,9,0,0.010754062,False
822,10,1,0.5004237,True
822,11,0,0.33130872,True
822,12,0,0.02489955,False
822,13,0,0.0025776534,False
427,0,0,0.07755129,False
427,1,1,0.2783132,True
427,2,1,0.26098567,True
427,3,0,0.08160134,True
427,4,0,0.0015622966,False
427,5,0,0.029173072,False
427,6,0,0.04940434,False
427,7,0,0.014756291,False
427,8,0,0.023267189,False
427,9,0,0.04188106,False
427,10,0,0.031753134,False
427,11,0,0.05341068,False
427,12,0,0.00086395605,False
427,13,0,0.027923666,False
748,0,0,0.01630176,False
748,1,0,0.025259003,False
748,2,0,0.0041145533,False
748,3,0,0.24924697,True
748,4,0,0.010797562,False
748,5,0,0.008270261,False
748,6,0,0.0040465803,False
748,7,0,0.20035245,True
748,8,0,0.0051806117,False
748,9,0,0.0035455294,False
748,10,0,0.004719404,False
748,11,0,0.16045208,True
748,12,1,0.30288,True
748,13,0,9.250384e-05,False
748,14,0,0.005365372,False
748,15,0,0.13093558,True
748,16,0,0.04818641,False
748,17,0,0.00028022326,False
748,18,0,0.029431958,False
741,0,0,0.019596942,False
741,1,0,0.047114242,False
741,2,0,0.20813967,True
741,3,0,0.5034,True
741,4,1,0.32274756,True
741,5,0,0.13752852,True
741,6,0,0.18915987,True
741,7,0,0.07811895,False
741,8,0,0.15715936,True
741,9,0,0.07461997,False
741,10,0,7.142276e-05,False
741,11,0,0.14206798,True
741,12,0,0.013924412,False
741,13,0,3.3750614e-05,False
741,14,0,0.075771876,False
741,15,0,0.050466225,False
741,16,0,3.246354e-05,False
809,0,0,0.0017144921,False
809,1,1,0.47887138,True
809,2,0,0.015532824,False
809,3,0,0.14624305,True
809,4,0,0.0013355109,False
809,5,1,0.4442556,True
809,6,0,0.0008434239,False
809,7,0,0.008312377,False
809,8,0,0.020075822,False
809,9,0,0.07535397,False
809,10,0,0.085476235,True
809,11,0,0.078533664,False
809,12,0,0.015704107,False
148,0,0,0.14309165,True
148,1,0,0.043847244,False
148,2,0,0.03397816,False
148,3,0,0.026416443,False
148,4,0,0.0022190402,False
148,5,0,0.018664433,False
148,6,0,0.043345753,False
148,7,0,0.05345068,False
148,8,0,0.046272602,False
148,9,0,0.025144152,False
148,10,1,0.12951228,True
148,11,0,0.0014330545,False
148,12,0,0.028403623,False
170,0,0,0.0001408976,False
170,1,0,0.061644375,False
170,2,0,0.018276412,False
170,3,1,0.02678198,False
170,4,0,0.044120196,False
170,5,0,0.007775634,False
170,6,0,0.40707892,True
170,7,0,0.059353273,False
170,8,0,0.0014855036,False
170,9,0,0.002429885,False
170,10,0,0.037203647,False
170,11,0,0.11222923,True
170,12,0,0.06398215,False
170,13,0,0.0014731621,False
881,0,0,0.0024552085,False
881,1,0,0.17324233,True
881,2,0,0.022561032,False
881,3,0,0.0022306703,False
881,4,0,0.012517749,False
881,5,0,0.05355258,False
881,6,1,0.062203288,False
881,7,0,0.06559607,False
881,8,0,0.0131316185,False
881,9,0,0.08755156,True
881,10,1,0.56482124,True
881,11,0,0.7148543,True
74,0,0,0.00034720925,False
74,1,0,0.0028034053,False
74,2,1,0.124091335,True
74,3,0,0.101880506,True
74,4,0,0.11430164,True
74,5,0,0.01440493,False
74,6,0,0.13713284,True
74,7,0,0.3238559,True
74,8,0,0.24399237,True
74,9,0,0.20147584,True
74,10,0,0.19639988,True
74,11,0,0.12058807,True
74,12,0,0.006007982,False
74,13,0,0.00061740517,False
656,0,0,0.089768395,True
656,1,0,0.04369673,False
656,2,0,0.024380095,False
656,3,1,0.06552965,False
656,4,0,0.018892441,False
656,5,0,0.033381823,False
656,6,0,0.08243973,True
656,7,0,0.06304883,False
656,8,0,0.055279333,False
656,9,0,0.10799465,True
656,10,0,0.36953887,True
656,11,0,0.0008471805,False
656,12,0,0.00013948065,False
656,13,0,0.001954117,False
656,14,0,1.6795915e-05,False
656,15,0,5.262341e-05,False
656,16,0,1.8326335e-05,False
656,17,0,0.0045678285,False
656,18,0,0.013189639,False
120,0,0,0.051175293,False
120,1,0,0.0054563833,False
120,2,0,0.004635877,False
120,3,0,0.0068113077,False
120,4,0,0.0035755069,False
120,5,0,0.0009978509,False
120,6,0,0.0017036597,False
120,7,0,0.0020273062,False
120,8,0,0.002817295,False
120,9,0,0.0007259179,False
120,10,0,0.34048185,True
120,11,0,0.00488526,False
120,12,0,0.027595134,False
120,13,0,0.050232638,False
120,14,0,0.030664679,False
120,15,1,0.18694791,True
120,16,0,6.5382286e-05,False
120,17,0,0.02869146,False
120,18,1,0.04237192,False
120,19,0,0.036876783,False
120,20,0,0.016269224,False
120,21,0,0.05024034,False
219,0,0,0.0022350757,False
219,1,1,0.7001685,True
219,2,0,0.0016426083,False
219,3,0,0.60716957,True
219,4,0,0.00010620724,False
219,5,0,0.041452922,False
219,6,0,0.03384324,False
219,7,0,0.006422364,False
219,8,0,0.023007872,False
219,9,0,0.0022732995,False
219,10,0,0.0013191829,False
219,11,0,0.002195485,False
219,12,0,0.0010792259,False
219,13,0,0.0016183541,False
219,14,0,0.0026343788,False
219,15,0,0.010037277,False
219,16,0,0.007862347,False
219,17,0,0.0012339202,False
743,0,0,0.010762602,False
743,1,1,0.052900486,False
743,2,0,7.665669e-05,False
743,3,0,0.003180099,False
743,4,0,0.2946467,True
743,5,0,0.015369231,False
743,6,0,0.25208178,True
743,7,0,0.0012892552,False
743,8,0,0.06486988,False
743,9,0,0.018510006,False
743,10,0,2.8729763e-05,False
743,11,0,0.0016017695,False
743,12,0,0.0032219833,False
743,13,0,0.021412078,False
743,14,1,0.013656251,False
743,15,0,0.0143765975,False
743,16,0,0.002835803,False
165,0,0,0.00074204523,False
165,1,1,0.77985233,True
165,2,0,0.022659903,False
165,3,0,0.014202324,False
165,4,0,0.00573822,False
165,5,0,0.29351932,True
165,6,0,8.248466e-05,False
165,7,0,0.0017743076,False
165,8,0,0.0012971663,False
165,9,0,0.02057887,False
165,10,0,0.01244623,False
165,11,0,0.011060175,False
165,12,0,0.0044996548,False
555,0,0,0.1206354,True
555,1,0,0.024918567,False
555,2,1,0.74404883,True
555,3,0,0.17858247,True
555,4,0,0.0065623587,False
555,5,0,0.023488889,False
555,6,0,0.060990635,False
555,7,0,0.013833464,False
555,8,0,0.109372266,True
555,9,0,0.00030732495,False
555,10,0,2.4338855e-05,False
555,11,0,0.059635364,False
555,12,0,0.0052337595,False
555,13,0,0.00038722114,False
685,0,0,0.18725415,True
685,1,0,0.121933624,True
685,2,0,0.29256248,True
685,3,0,0.0056673414,False
685,4,0,0.0072412635,False
685,5,0,0.06967818,False
685,6,0,0.07325684,False
685,7,0,0.043719202,False
685,8,0,0.042908225,False
685,9,0,0.009364383,False
685,10,0,0.019500937,False
685,11,1,0.095627174,True
685,12,0,0.06753151,False
685,13,0,0.0004344743,False
685,14,0,0.057912454,False
923,0,1,0.53329617,True
923,1,0,0.008273222,False
923,2,0,0.1393814,True
923,3,0,0.0015798054,False
923,4,0,0.02067994,False
923,5,0,0.008327237,False
923,6,0,0.01231689,False
923,7,0,0.08073112,True
923,8,0,0.013139425,False
923,9,1,0.17077142,True
923,10,0,0.04016537,False
923,11,0,0.020529496,False
923,12,0,0.3987621,True
923,13,0,0.012269606,False
524,0,0,0.47711596,True
524,1,0,0.12720744,True
524,2,1,0.07366196,False
524,3,0,0.067122795,False
524,4,0,0.034221224,False
524,5,0,0.016306799,False
524,6,0,0.031062998,False
524,7,0,0.039084766,False
524,8,0,0.047229014,False
524,9,0,0.029474633,False
524,10,0,0.07896104,True
524,11,0,0.053681787,False
524,12,0,0.028096624,False
524,13,0,0.06497884,False
524,14,0,0.07999468,True
287,0,0,2.5732797e-05,False
287,1,0,0.0016937184,False
287,2,0,0.004042773,False
287,3,0,0.001281919,False
287,4,0,7.9012725e-06,False
287,5,0,9.152498e-05,False
287,6,1,0.59304327,True
287,7,0,0.0021952183,False
287,8,0,0.08135108,True
287,9,0,0.20396817,True
287,10,0,0.022465957,False
287,11,0,0.09103291,True
287,12,0,0.13989915,True
287,13,0,0.0038318958,False
287,14,0,0.0016703003,False
287,15,0,0.0010594024,False
287,16,0,0.484559,True
287,17,0,0.050645515,False
694,0,0,0.00040429362,False
694,1,0,0.009950454,False
694,2,0,0.00014080183,False
694,3,0,0.00014080183,False
694,4,0,0.030435687,False
694,5,1,0.033597175,False
694,6,0,0.15497978,True
694,7,0,0.087372854,True
694,8,0,0.018888792,False
694,9,1,0.07712951,False
694,10,0,0.23242529,True
694,11,0,0.10622603,True
694,12,1,0.107274026,True
694,13,0,0.11081558,True
694,14,0,0.21854116,True
694,15,0,0.0076174135,False
940,0,0,0.0017531117,False
940,1,0,0.07000089,False
940,2,0,0.011095789,False
940,3,0,0.0014914243,False
940,4,0,0.009258438,False
940,5,0,0.056739874,False
940,6,0,0.030221147,False
940,7,0,0.019951018,False
940,8,0,0.04518819,False
940,9,0,0.019168762,False
940,10,0,0.07825769,False
940,11,0,0.014496042,False
940,12,0,0.35325623,True
940,13,0,0.0036885047,False
940,14,1,0.34002712,True
940,15,0,0.16445325,True
940,16,0,0.011804268,False
940,17,0,0.0058069103,False
690,0,0,3.157867e-05,False
690,1,0,0.004940877,False
690,2,0,0.0037526195,False
690,3,0,0.001240822,False
690,4,0,3.3760043e-05,False
690,5,0,0.0005658511,False
690,6,1,0.2690582,True
690,7,0,0.005426032,False
690,8,0,0.096092135,True
690,9,0,0.1151937,True
690,10,0,0.06997741,False
690,11,0,0.12876345,True
690,12,0,0.10170926,True
690,13,0,0.006800117,False
690,14,0,0.0024697399,False
690,15,0,0.0077737174,False
690,16,0,0.086970806,True
690,17,0,0.06631205,False
690,18,0,0.00032393917,False
133,0,0,0.3812924,True
133,1,1,0.41125417,True
133,2,0,0.23431319,True
133,3,0,0.15371086,True
133,4,0,0.11312554,True
133,5,0,0.012076679,False
133,6,0,0.044057332,False
133,7,0,0.08755371,True
133,8,0,0.06716269,False
133,9,0,0.030325556,False
133,10,0,0.07670634,False
984,0,0,0.08400165,True
984,1,0,0.13924783,True
984,2,0,0.117179506,True
984,3,0,0.052876554,False
984,4,0,0.086617164,True
984,5,1,0.046949774,False
984,6,0,0.02482689,False
984,7,0,0.032294862,False
984,8,0,0.035124794,False
984,9,0,0.055540025,False
984,10,1,0.05161589,False
984,11,0,0.08954155,True
984,12,0,0.058954105,False
911,0,0,0.007257197,False
911,1,1,0.6712372,True
911,2,0,0.0022864616,False
911,3,0,0.352689,True
911,4,0,0.00073586206,False
911,5,0,0.027504139,False
911,6,0,0.022340083,False
911,7,0,0.010226304,False
911,8,0,0.01396811,False
911,9,0,0.01740415,False
911,10,0,0.009294769,False
911,11,0,0.012376631,False
911,12,0,0.008304916,False
911,13,1,0.3292178,True
592,0,0,0.033571925,False
592,1,0,0.19377542,True
592,2,0,0.005088723,False
592,3,0,0.009944504,False
592,4,0,0.1062634,True
592,5,0,0.07446791,False
592,6,0,0.079747014,True
592,7,0,0.039688867,False
592,8,1,0.3942818,True
592,9,0,0.03337302,False
592,10,0,0.021055453,False
592,11,0,0.02354386,False
592,12,0,0.05914981,False
592,13,0,0.103226855,True
449,0,0,0.17466433,True
449,1,0,0.030500792,False
449,2,0,0.18637462,True
449,3,0,0.07898095,True
449,4,0,0.047052663,False
449,5,0,0.048341338,False
449,6,0,0.18304501,True
449,7,0,0.08179371,True
449,8,1,0.10375972,True
449,9,0,0.06920226,False
449,10,0,0.23859479,True
338,0,0,0.05876983,False
338,1,0,0.06554672,False
338,2,0,0.006475741,False
338,3,0,0.015000538,False
338,4,0,0.058868345,False
338,5,0,0.017932983,False
338,6,0,0.04035118,False
338,7,1,0.53604996,True
338,8,0,0.5418419,True
338,9,0,0.05720399,False
338,10,0,0.01347912,False
918,0,1,0.35884017,True
918,1,0,0.022010975,False
918,2,0,0.028326591,False
918,3,0,0.046367176,False
918,4,0,0.015252724,False
918,5,0,0.0021716624,False
918,6,0,0.01550509,False
918,7,0,0.18915455,True
918,8,0,0.0023222952,False
918,9,0,0.025016403,False
918,10,0,0.014721716,False
918,11,0,0.011950819,False
918,12,0,0.38008478,True
918,13,0,0.032353442,False
726,0,0,0.026755821,False
726,1,0,0.0061962837,False
726,2,1,0.3450202,True
726,3,0,0.02831492,False
726,4,1,0.5518416,True
726,5,0,0.24901964,True
726,6,0,0.00020860166,False
726,7,0,0.0030381384,False
726,8,0,0.0029487186,False
726,9,0,0.02344211,False
726,10,0,0.006646349,False
726,11,0,0.00994805,False
726,12,0,0.018490845,False
726,13,0,0.0073280046,False
57,0,0,0.0010259418,False
57,1,0,0.008618505,False
57,2,0,0.0021248104,False
57,3,0,0.008471085,False
57,4,0,0.000587541,False
57,5,1,0.47751155,True
57,6,0,0.025626149,False
57,7,0,0.0916096,True
57,8,0,0.34654814,True
57,9,0,0.31152058,True
57,10,0,0.09100945,True
57,11,0,0.23325351,True
57,12,0,0.050999515,False
57,13,0,0.0036799614,False
57,14,0,6.2643434e-05,False
57,15,0,0.014420792,False
57,16,0,0.0028877074,False
57,17,0,0.0710652,False
241,0,0,0.20456494,True
241,1,0,0.005860325,False
241,2,0,0.015828453,False
241,3,0,0.027152035,False
241,4,0,0.031961024,False
241,5,0,0.010328894,False
241,6,0,0.16223973,True
241,7,0,0.006425588,False
241,8,0,0.16211176,True
241,9,0,0.26777798,True
241,10,0,0.00043461952,False
241,11,1,0.20838024,True
241,12,0,0.0678958,False
569,0,0,0.07159629,False
569,1,0,0.015146817,False
569,2,0,0.008595147,False
569,3,0,0.009895705,False
569,4,0,0.025308011,False
569,5,0,0.09257014,True
569,6,0,0.07450453,False
569,7,0,0.07777869,False
569,8,0,0.11923948,True
569,9,0,0.11475662,True
569,10,0,0.10696786,True
569,11,0,0.005933577,False
569,12,0,0.00056318345,False
569,13,0,0.04764979,False
569,14,1,0.42994544,True
778,0,0,0.43026888,True
778,1,0,0.009260306,False
778,2,0,0.013984349,False
778,3,0,0.006344123,False
778,4,0,0.0042037144,False
778,5,0,0.045941822,False
778,6,1,0.92166835,True
778,7,0,0.0005861218,False
778,8,0,0.019155081,False
778,9,0,0.050888848,False
778,10,0,0.383258,True
778,11,0,0.01564296,False
778,12,0,0.01549336,False
778,13,0,0.07128214,False
810,0,0,0.0008921814,False
810,1,0,0.09964079,True
810,2,1,0.24886715,True
810,3,0,0.0006347791,False
810,4,0,0.0057881847,False
810,5,0,0.006604184,False
810,6,0,0.048011154,False
810,7,0,0.034805607,False
810,8,0,0.05108402,False
810,9,0,0.009221068,False
810,10,0,0.025843099,False
810,11,1,0.58693033,True
810,12,0,0.59023494,True
199,0,0,0.059915192,False
199,1,0,0.045216378,False
199,2,0,0.01614556,False
199,3,0,0.053714473,False
199,4,0,0.49647155,True
199,5,0,0.00010950942,False
199,6,0,0.031038651,False
199,7,1,0.20178498,True
199,8,0,0.0003678495,False
199,9,0,0.009519068,False
199,10,0,5.050495e-05,False
199,11,0,4.71642e-06,False
199,12,0,0.0023562573,False
199,13,0,2.159645e-05,False
199,14,0,0.009366746,False
199,15,0,0.0008600926,False
199,16,0,7.859698e-06,False
483,0,0,0.011840081,False
483,1,0,0.52979636,True
483,2,0,0.00062867074,False
483,3,0,0.009292613,False
483,4,0,0.09873475,True
483,5,0,0.0041863313,False
483,6,0,0.015072303,False
483,7,0,0.051224113,False
483,8,0,0.008836343,False
483,9,0,0.17691095,True
483,10,0,0.004111743,False
483,11,1,0.4619475,True
483,12,0,0.010802223,False
483,13,0,0.0008621008,False
422,0,0,0.08377604,True
422,1,0,0.03384759,False
422,2,0,0.0523921,False
422,3,0,0.07251067,False
422,4,0,0.023962393,False
422,5,0,0.084122226,True
422,6,0,0.08502408,True
422,7,0,0.04773871,False
422,8,0,0.38070336,True
422,9,0,0.39866498,True
422,10,1,0.6699323,True
422,11,0,0.00032575274,False
892,0,1,0.5567312,True
892,1,0,0.013330244,False
892,2,0,0.46602643,True
892,3,0,0.046332594,False
892,4,0,0.08702468,True
892,5,0,0.017571943,False
892,6,0,0.0047628945,False
892,7,0,0.001949804,False
892,8,0,0.001634535,False
892,9,0,0.0013723589,False
892,10,0,4.8732192e-05,False
892,11,0,0.0010009102,False
892,12,0,0.17101765,True
892,13,0,0.0022338682,False
892,14,0,2.2559982e-05,False
892,15,0,0.00039080146,False
892,16,0,0.10709758,True
892,17,0,0.0008197345,False
892,18,0,0.121182315,True
1033,0,0,0.31767222,True
1033,1,0,0.028961113,False
1033,2,0,0.02322154,False
1033,3,0,0.031095121,False
1033,4,0,0.028471202,False
1033,5,1,0.78057283,True
1033,6,0,0.00226783,False
1033,7,0,0.04401544,False
1033,8,0,0.0595978,False
1033,9,0,0.050408557,False
1033,10,0,0.09685827,True
1033,11,0,0.058283687,False
1033,12,0,0.03130511,False
1145,0,1,0.18751381,True
1145,1,0,0.16908424,True
1145,2,1,0.27471998,True
1145,3,0,0.0103255175,False
1145,4,0,0.02411969,False
1145,5,0,0.08656093,True
1145,6,0,0.06466725,False
1145,7,0,0.08954156,True
1145,8,0,0.06349437,False
1145,9,0,0.107546695,True
1145,10,0,0.04058118,False
1145,11,0,0.020928733,False
1145,12,0,0.0078110904,False
874,0,0,0.1490957,True
874,1,0,0.016259061,False
874,2,0,0.013216147,False
874,3,0,0.031781543,False
874,4,0,0.04031389,False
874,5,0,0.050826367,False
874,6,0,0.15879206,True
874,7,0,0.22708347,True
874,8,0,0.06422245,False
874,9,0,0.24096094,True
874,10,0,0.019359894,False
874,11,1,0.24300069,True
714,0,0,0.0059884624,False
714,1,1,0.62419325,True
714,2,0,0.0039145965,False
714,3,0,0.29704067,True
714,4,0,0.0004078481,False
714,5,0,0.0060531343,False
714,6,0,0.003257397,False
714,7,0,0.00706217,False
714,8,0,0.004092911,False
714,9,0,0.016684853,False
714,10,0,0.36728856,True
714,11,0,0.010024341,False
714,12,0,0.0002945227,False
714,13,0,0.0060430556,False
714,14,0,0.00514345,False
645,0,0,6.4475156e-05,False
645,1,1,0.67597795,True
645,2,0,0.0065810313,False
645,3,0,0.00036648178,False
645,4,0,0.11219308,True
645,5,0,0.121725366,True
645,6,0,0.027236076,False
645,7,0,0.001194366,False
645,8,0,0.00012752878,False
645,9,0,0.0050206804,False
645,10,0,0.049409814,False
645,11,0,0.0012613432,False
645,12,0,0.0023122355,False
645,13,0,0.0021077592,False
645,14,0,0.0006047526,False
645,15,0,0.0021413665,False
645,16,0,0.050190967,False
645,17,0,8.011069e-05,False
645,18,0,0.0077686883,False
1191,0,1,0.49523082,True
1191,1,0,0.010787589,False
1191,2,0,0.00452691,False
1191,3,0,2.0431013e-05,False
1191,4,0,0.07927015,True
1191,5,0,0.078612536,False
1191,6,0,0.00019832939,False
1191,7,0,0.013252408,False
1191,8,0,0.04168452,False
1191,9,0,0.20776993,True
1191,10,0,0.15689793,True
1191,11,0,0.33802852,True
1191,12,0,0.00011947752,False
1191,13,0,0.28079796,True
1191,14,1,0.032321878,False
1191,15,0,0.067611724,False
1191,16,0,0.06862758,False
1191,17,0,2.0003774e-05,False
1091,0,0,0.42510563,True
1091,1,1,0.040186264,False
1091,2,0,0.06752536,False
1091,3,0,0.06748401,False
1091,4,0,0.053987283,False
1091,5,0,0.116499215,True
1091,6,0,0.022753676,False
1091,7,0,0.02883871,False
1091,8,0,0.050753757,False
1091,9,1,0.12124458,True
1091,10,0,0.063401245,False
1091,11,0,0.051373757,False
1091,12,0,0.09800041,True
1091,13,0,0.07041416,False
521,0,0,7.253214e-05,False
521,1,1,0.09945165,True
521,2,0,0.16189264,True
521,3,0,0.07939132,True
521,4,0,0.11123473,True
521,5,0,7.555084e-05,False
521,6,1,0.08391237,True
521,7,0,0.012204188,False
521,8,0,0.013820676,False
521,9,0,0.00016154318,False
521,10,0,1.00429e-05,False
521,11,1,0.019075964,False
521,12,0,0.00044703044,False
521,13,0,1.4839415e-05,False
521,14,0,0.012236013,False
798,0,0,0.5147985,True
798,1,0,0.016528938,False
798,2,0,0.009865522,False
798,3,0,0.021318085,False
798,4,0,0.068691514,False
798,5,0,0.25465715,True
798,6,0,0.35077667,True
798,7,1,0.23442757,True
798,8,0,0.2455968,True
798,9,0,0.1975201,True
798,10,0,0.032467123,False
798,11,0,0.013265065,False
798,12,0,0.062762365,False
798,13,0,0.026420636,False
798,14,0,0.03069604,False
798,15,0,0.045674436,False
250,0,0,0.009024465,False
250,1,0,0.1311193,True
250,2,0,0.07583029,False
250,3,0,0.027458599,False
250,4,0,0.0037974762,False
250,5,0,0.010497291,False
250,6,0,0.009927894,False
250,7,0,0.0065789954,False
250,8,0,0.016536396,False
250,9,0,0.020874843,False
250,10,0,0.34295008,True
250,11,1,0.3782176,True
250,12,0,0.09647333,True
250,13,1,0.19935857,True
1170,0,0,0.12637068,True
1170,1,0,0.1802871,True
1170,2,0,0.042934082,False
1170,3,0,0.047243584,False
1170,4,0,0.08854048,True
1170,5,0,0.07342183,False
1170,6,0,0.06135093,False
1170,7,0,0.09329953,True
1170,8,1,0.23584954,True
1170,9,0,0.33328062,True
1170,10,0,0.20577325,True
1170,11,0,0.2729308,True
429,0,0,0.17953116,True
429,1,0,0.31230643,True
429,2,0,0.20755777,True
429,3,0,0.1657046,True
429,4,1,0.09340052,True
429,5,0,0.08432719,True
429,6,0,0.060643278,False
429,7,0,0.15236133,True
429,8,0,0.038634654,False
429,9,0,0.075697884,False
429,10,0,0.0029044263,False
668,0,0,0.07188843,False
668,1,1,0.18031783,True
668,2,0,0.014042644,False
668,3,0,0.004763921,False
668,4,0,0.010659041,False
668,5,0,0.004927909,False
668,6,0,0.008161651,False
668,7,0,0.026128475,False
668,8,0,0.035396937,False
668,9,0,0.08760187,True
668,10,0,0.35206595,True
668,11,0,0.029222587,False
668,12,0,0.018511752,False
668,13,0,0.25654268,True
668,14,0,0.0004523749,False
668,15,0,0.083421625,True
442,0,0,0.012366312,False
442,1,0,0.0072758812,False
442,2,0,0.013737778,False
442,3,0,0.018993255,False
442,4,0,0.55258346,True
442,5,0,0.000321344,False
442,6,0,0.00930642,False
442,7,0,0.14477198,True
442,8,1,0.13073972,True
442,9,0,0.14203097,True
442,10,0,0.04164544,False
442,11,0,0.007282493,False
442,12,0,0.012036121,False
442,13,0,0.012036121,False
308,0,0,0.13900518,True
308,1,0,0.16770393,True
308,2,0,0.076947086,False
308,3,0,0.053447206,False
308,4,0,0.046926484,False
308,5,0,0.27278128,True
308,6,0,0.3446937,True
308,7,0,0.2343966,True
308,8,1,0.38096464,True
308,9,0,0.00093196443,False
308,10,0,0.035230182,False
504,0,0,0.00034869497,False
504,1,0,0.31690806,True
504,2,0,0.050981317,False
504,3,1,0.2520956,True
504,4,1,0.23085785,True
504,5,0,0.017574511,False
504,6,0,0.00023620766,False
504,7,0,0.0002425985,False
504,8,0,0.0027995955,False
504,9,0,0.0003460673,False
504,10,0,0.0006942744,False
504,11,0,0.004149653,False
504,12,0,0.0044157594,False
504,13,0,0.00039325622,False
504,14,0,0.005958905,False
504,15,0,0.00037994992,False
504,16,0,0.0008817729,False
504,17,0,0.005382464,False
504,18,0,0.0010842269,False
504,19,0,0.0015917957,False
504,20,0,0.011278903,False
504,21,0,0.0007580204,False
504,22,0,0.0006746446,False
504,23,0,0.003472353,False
504,24,0,0.00027731195,False
504,25,0,0.00030030526,False
504,26,0,0.00029189166,False
697,0,0,0.013520709,False
697,1,0,0.026683599,False
697,2,1,0.28068826,True
697,3,0,0.061774146,False
697,4,0,0.48463044,True
697,5,0,0.009856552,False
697,6,0,0.0031623438,False
697,7,0,0.07522556,False
697,8,0,0.09560031,True
697,9,0,0.111316994,True
697,10,0,0.08304195,True
697,11,0,0.06320976,False
264,0,0,0.5735872,True
264,1,0,0.02352204,False
264,2,0,0.029002456,False
264,3,0,0.016176876,False
264,4,0,0.0033363078,False
264,5,0,0.050497342,False
264,6,1,0.16082606,True
264,7,0,0.09325784,True
264,8,0,0.019713003,False
264,9,0,0.019886702,False
264,10,1,0.3605894,True
264,11,0,0.036876544,False
264,12,0,0.00056677224,False
264,13,0,3.437985e-05,False
152,0,1,0.5809752,True
152,1,0,0.025183776,False
152,2,0,0.044363182,False
152,3,0,0.07336825,False
152,4,0,0.04384861,False
152,5,0,0.014144964,False
152,6,1,0.009638826,False
152,7,0,0.08707322,True
152,8,0,0.056785483,False
152,9,1,0.1662458,True
152,10,0,0.00063675776,False
152,11,0,0.034643985,False
152,12,0,0.026696393,False
1087,0,0,0.052426495,False
1087,1,0,0.014686802,False
1087,2,0,0.0028097765,False
1087,3,0,0.011968731,False
1087,4,0,0.07693201,False
1087,5,0,0.009520255,False
1087,6,0,0.021249112,False
1087,7,0,0.02379036,False
1087,8,0,0.044968195,False
1087,9,0,0.103911504,True
1087,10,0,0.09341731,True
1087,11,0,0.054309845,False
1087,12,1,0.67408526,True
1087,13,0,0.07803567,False
1087,14,0,0.100605495,True
1087,15,0,0.014102896,False
1087,16,0,0.030284084,False
1087,17,0,0.009791003,False
1087,18,0,0.010155196,False
1087,19,0,0.0072288243,False
1035,0,0,0.30681452,True
1035,1,1,0.110779755,True
1035,2,0,0.066514306,False
1035,3,0,0.063098766,False
1035,4,1,0.060569063,False
1035,5,0,0.059705995,False
1035,6,0,0.082645796,True
1035,7,0,0.07986657,True
1035,8,0,0.090768166,True
1035,9,0,0.08336975,True
1035,10,0,0.081200145,True
1035,11,0,0.08227506,True
1035,12,0,0.08813858,True
686,0,0,0.00011909738,False
686,1,0,0.06596702,False
686,2,0,0.145067,True
686,3,0,0.033116218,False
686,4,0,0.1444939,True
686,5,0,0.18157692,True
686,6,0,0.00973097,False
686,7,0,0.026215127,False
686,8,0,0.048633732,False
686,9,1,0.060201775,False
686,10,1,0.4343099,True
686,11,0,0.038421415,False
686,12,0,0.4952879,True
686,13,0,0.026318235,False
686,14,0,0.09819802,True
201,0,1,0.07763484,False
201,1,0,0.0069504925,False
201,2,0,0.0038685582,False
201,3,0,0.00058334717,False
201,4,0,0.38968349,True
201,5,0,0.017136361,False
201,6,0,0.05152468,False
201,7,0,0.106664196,True
201,8,0,0.078808144,False
201,9,0,0.1624881,True
201,10,0,0.11002875,True
201,11,0,0.015145204,False
201,12,0,5.615923e-06,False
201,13,0,0.003303025,False
201,14,0,3.169377e-05,False
201,15,0,0.018992003,False
201,16,0,0.03172753,False
201,17,0,9.898571e-05,False
959,0,0,0.006280399,False
959,1,0,0.0061187926,False
959,2,1,0.473635,True
959,3,0,0.06940603,False
959,4,1,0.7541645,True
959,5,0,0.2298281,True
959,6,0,0.0035220226,False
959,7,0,0.016797433,False
959,8,0,0.03007248,False
959,9,0,0.11516822,True
959,10,0,0.08004095,True
959,11,0,0.07035013,False
1037,0,0,0.38767967,True
1037,1,1,0.10921374,True
1037,2,0,0.05763088,False
1037,3,0,0.048887625,False
1037,4,0,0.051310413,False
1037,5,0,0.06782575,False
1037,6,0,0.070925735,False
1037,7,0,0.09253583,True
1037,8,0,0.0823561,True
1037,9,0,0.08568408,True
1037,10,0,0.11868282,True
1037,11,0,0.12422466,True
1037,12,0,0.087422386,True
841,0,1,0.14555433,True
841,1,0,0.0036378875,False
841,2,0,0.023749646,False
841,3,0,0.06267048,False
841,4,0,0.12224068,True
841,5,0,0.08545228,True
841,6,0,0.07428611,False
841,7,0,0.010979282,False
841,8,0,0.0052915616,False
841,9,0,0.26538458,True
841,10,0,0.11844109,True
841,11,0,0.084970884,True
841,12,0,0.22169751,True
841,13,0,0.008046916,False
841,14,0,0.1382221,True
841,15,0,0.018607622,False
841,16,0,6.190929e-05,False
833,0,0,0.37927467,True
833,1,0,0.040277753,False
833,2,0,0.045038268,False
833,3,0,0.008411084,False
833,4,0,0.030848527,False
833,5,0,0.0042760638,False
833,6,0,0.0072033913,False
833,7,0,0.02089326,False
833,8,0,0.014848742,False
833,9,0,0.01716303,False
833,10,0,0.023664068,False
833,11,0,0.32277623,True
833,12,1,0.16283807,True
833,13,0,0.016335843,False
833,14,1,0.1196985,True
233,0,0,0.0021609487,False
233,1,1,0.6452115,True
233,2,0,0.0034589397,False
233,3,0,0.0020126884,False
233,4,0,0.0009950873,False
233,5,0,0.1611122,True
233,6,0,0.0006099412,False
233,7,0,0.0065883584,False
233,8,0,0.0078111757,False
233,9,0,0.019218884,False
233,10,0,0.040320504,False
233,11,0,0.008563713,False
233,12,0,0.017246915,False
651,0,0,0.0018327876,False
651,1,0,0.62304807,True
651,2,1,0.048866898,False
651,3,0,0.0019677877,False
651,4,0,0.007152785,False
651,5,0,0.020029927,False
651,6,0,0.0005002987,False
651,7,0,0.06456689,False
651,8,0,0.0730649,False
651,9,0,0.08469863,True
651,10,0,0.0019202663,False
651,11,0,0.00042174628,False
651,12,0,0.06839574,False
651,13,0,0.042448223,False
651,14,0,0.213502,True
651,15,0,0.20630263,True
651,16,0,0.035630856,False
2,0,0,4.7332083e-05,False
2,1,0,0.03099576,False
2,2,0,0.062120065,False
2,3,0,0.2984041,True
2,4,0,0.011106538,False
2,5,0,0.10493102,True
2,6,0,0.0037943388,False
2,7,0,0.23023003,True
2,8,0,0.031877328,False
2,9,0,0.04530501,False
2,10,0,0.14107923,True
2,11,1,0.116674274,True
2,12,0,0.08104134,True
2,13,0,0.045519218,False
578,0,0,0.44572648,True
578,1,0,0.02691251,False
578,2,0,0.02096738,False
578,3,0,0.062949456,False
578,4,0,0.050955836,False
578,5,0,0.01563837,False
578,6,0,0.022629295,False
578,7,0,0.033122044,False
578,8,0,0.009077216,False
578,9,1,0.0808883,True
578,10,0,0.00048179715,False
578,11,0,0.15876108,True
578,12,0,0.0111275995,False
578,13,0,0.058675695,False
1059,0,0,0.21155336,True
1059,1,0,0.22944906,True
1059,2,0,0.118247084,True
1059,3,0,0.030069996,False
1059,4,1,0.50358194,True
1059,5,0,0.0003602868,False
1059,6,0,0.00019148152,False
1059,7,0,2.49749e-06,False
1059,8,0,0.0017030727,False
1059,9,0,0.0028983513,False
1059,10,0,0.015334668,False
1059,11,0,0.00045301192,False
1059,12,0,7.721308e-05,False
1059,13,0,0.0009905475,False
1059,14,0,7.416834e-05,False
1059,15,0,0.015189341,False
1059,16,0,0.0008020508,False
1059,17,0,0.07350505,False
1059,18,0,0.17783917,True
1059,19,0,0.17087287,True
1059,20,0,0.13455446,True
1216,0,0,0.00021996113,False
1216,1,0,0.04336854,False
1216,2,0,0.037101716,False
1216,3,0,0.00066443806,False
1216,4,0,0.002323021,False
1216,5,0,0.0072113103,False
1216,6,0,0.012907253,False
1216,7,0,0.0010768089,False
1216,8,0,0.0031037633,False
1216,9,0,0.21170998,True
1216,10,0,0.0046169334,False
1216,11,0,0.0077057914,False
1216,12,1,0.51642674,True
1216,13,0,0.0040187165,False
1216,14,0,0.0063348683,False
1216,15,0,0.11690054,True
1216,16,0,0.027047172,False
638,0,0,0.0833878,True
638,1,1,0.70191747,True
638,2,0,0.013741234,False
638,3,0,0.036078107,False
638,4,0,0.049474075,False
638,5,0,0.07379046,False
638,6,0,0.09155261,True
638,7,0,0.081277356,True
638,8,0,0.06163713,False
638,9,0,0.018435476,False
638,10,0,0.01856157,False
638,11,0,0.032478724,False
638,12,0,0.04051628,False
803,0,0,0.012262638,False
803,1,0,0.03598738,False
803,2,1,0.8503847,True
803,3,0,0.00014786243,False
803,4,0,0.00444623,False
803,5,0,0.87896967,True
803,6,0,0.005777452,False
803,7,0,0.000679225,False
803,8,0,0.33442548,True
803,9,0,0.0015085693,False
803,10,0,0.000821432,False
803,11,0,0.0022625355,False
803,12,0,0.0014359205,False
803,13,0,0.00089112757,False
803,14,0,0.00011191199,False
803,15,0,0.00019921921,False
803,16,0,0.0028473008,False
803,17,0,0.005236973,False
803,18,0,0.00021847837,False
803,19,0,0.00050333486,False
1116,0,0,0.062494278,False
1116,1,0,0.064664595,False
1116,2,0,0.00020524864,False
1116,3,0,0.06682037,False
1116,4,1,0.45426175,True
1116,5,0,0.37953734,True
1116,6,0,0.0036048754,False
1116,7,0,0.007925559,False
1116,8,0,0.029757092,False
1116,9,0,0.053231563,False
1116,10,0,0.03537298,False
1116,11,0,0.04936749,False
1116,12,0,0.032559745,False
1116,13,0,0.09955506,True
1116,14,0,0.043386433,False
1116,15,0,0.06848078,False
1116,16,0,0.010745001,False
134,0,0,0.105202295,True
134,1,0,0.17749219,True
134,2,0,0.11039827,True
134,3,1,0.18352202,True
134,4,0,0.014974935,False
134,5,0,0.04837458,False
134,6,0,0.15408716,True
134,7,0,0.11089923,True
134,8,0,0.079045095,True
134,9,0,0.4718772,True
134,10,0,0.041742608,False
134,11,0,0.18211472,True
831,0,0,0.03430569,False
831,1,0,0.02122123,False
831,2,0,0.007176742,False
831,3,0,0.07682134,False
831,4,0,0.012537339,False
831,5,0,0.36795485,True
831,6,0,0.0006953504,False
831,7,0,0.0058450294,False
831,8,0,0.0096310545,False
831,9,0,0.020819385,False
831,10,0,0.015141014,False
831,11,0,0.3146402,True
831,12,0,0.028020626,False
831,13,1,0.32457283,True
831,14,0,0.013099726,False
774,0,1,0.15397684,True
774,1,1,0.369226,True
774,2,0,0.0660133,False
774,3,0,0.013060043,False
774,4,0,0.017311187,False
774,5,0,0.024822867,False
774,6,0,0.35968006,True
774,7,0,0.014813524,False
774,8,0,0.017737089,False
774,9,0,0.40671164,True
774,10,0,0.020007433,False
774,11,0,0.01254397,False
774,12,0,0.42361936,True
774,13,0,0.01701389,False
618,0,0,0.06384969,False
618,1,0,0.095546514,True
618,2,0,0.042301115,False
618,3,0,0.38973844,True
618,4,0,0.01939044,False
618,5,0,0.016038567,False
618,6,0,0.001069381,False
618,7,0,6.230534e-05,False
618,8,0,0.019704193,False
618,9,0,0.000113124624,False
618,10,0,0.012346317,False
618,11,0,0.00037076953,False
618,12,0,3.3364766e-05,False
618,13,1,0.52896297,True
618,14,0,7.6478376e-05,False
618,15,0,0.00476077,False
618,16,0,0.16570947,True
618,17,0,0.15181424,True
618,18,0,0.00025627922,False
618,19,0,0.07500519,False
336,0,0,0.161705,True
336,1,0,0.19727932,True
336,2,0,0.03325242,False
336,3,0,0.035200834,False
336,4,1,0.05746707,False
336,5,0,0.019189406,False
336,6,0,0.011416504,False
336,7,0,0.30783755,True
336,8,0,0.12669803,True
336,9,0,0.010559652,False
336,10,1,0.048057303,False
163,0,0,0.4763204,True
163,1,0,0.011497657,False
163,2,0,0.010242078,False
163,3,0,0.009027566,False
163,4,0,0.0031248813,False
163,5,0,0.0513535,False
163,6,1,0.9757176,True
163,7,0,0.00026903502,False
163,8,0,0.014396835,False
163,9,0,0.19045009,True
163,10,0,0.007958884,False
163,11,0,0.007144507,False
163,12,0,0.051191226,False
25,0,0,0.6048753,True
25,1,0,0.035538968,False
25,2,0,0.026046257,False
25,3,0,0.035768837,False
25,4,0,0.031095294,False
25,5,0,0.009591217,False
25,6,0,0.24712484,True
25,7,0,0.21203709,True
25,8,1,0.12968844,True
25,9,0,0.000515686,False
25,10,1,0.10307612,True
25,11,0,0.016187442,False
25,12,0,0.031998638,False
519,0,0,0.15690693,True
519,1,0,0.032297444,False
519,2,1,0.018924197,False
519,3,0,0.03384055,False
519,4,0,0.020974275,False
519,5,0,0.08723544,True
519,6,0,0.10754981,True
519,7,0,0.010900487,False
519,8,0,0.00018796725,False
519,9,0,0.24670124,True
519,10,0,0.045465067,False
519,11,0,0.057834186,False
519,12,0,0.004759069,False
519,13,0,0.0010798116,False
519,14,0,0.025463292,False
519,15,0,0.12593019,True
519,16,0,0.057289686,False
369,0,1,0.58613145,True
369,1,0,0.03612245,False
369,2,0,0.15856418,True
369,3,0,0.0074170036,False
369,4,0,0.011802093,False
369,5,0,0.0026829382,False
369,6,0,0.023737703,False
369,7,0,0.020044856,False
369,8,0,0.0314577,False
369,9,1,0.43054396,True
369,10,0,0.020166155,False
369,11,0,0.014048475,False
437,0,1,0.42699373,True
437,1,0,0.02935624,False
437,2,0,0.09858147,True
437,3,0,0.0007363033,False
437,4,0,0.025254864,False
437,5,0,0.012152997,False
437,6,0,0.007494823,False
437,7,0,0.013491839,False
437,8,0,0.037284065,False
437,9,0,0.535762,True
437,10,0,0.00036320707,False
437,11,0,0.008839802,False
437,12,0,0.0058010276,False
437,13,0,0.007419402,False
437,14,0,0.020421164,False
689,0,0,0.0001646288,False
689,1,0,0.1536081,True
689,2,0,0.033714823,False
689,3,0,0.008649201,False
689,4,0,0.020816844,False
689,5,0,0.025514647,False
689,6,0,0.0014807986,False
689,7,0,0.009052308,False
689,8,0,0.022134777,False
689,9,0,0.19885546,True
689,10,1,0.041285902,False
689,11,0,0.26022136,True
689,12,0,0.06980166,False
689,13,0,0.40147278,True
689,14,0,0.0050581647,False
689,15,0,0.07641263,False
825,0,0,0.0018832837,False
825,1,0,0.117171295,True
825,2,0,0.0018832837,False
825,3,0,0.01840823,False
825,4,1,0.47105342,True
825,5,0,0.017584303,False
825,6,0,0.17794628,True
825,7,0,0.0001654198,False
825,8,0,0.012078282,False
825,9,0,0.0051531093,False
825,10,0,0.035820525,False
825,11,0,0.045413524,False
825,12,0,0.050806206,False
825,13,0,0.0042630997,False
859,0,0,0.00254808,False
859,1,0,0.65631914,True
859,2,0,0.00020245,False
859,3,0,0.0042170556,False
859,4,0,0.039086476,False
859,5,0,0.003138602,False
859,6,0,0.08632782,True
859,7,0,0.00014490742,False
859,8,0,0.007017129,False
859,9,1,0.4051302,True
859,10,0,8.347255e-05,False
859,11,0,0.012424195,False
859,12,0,0.059572726,False
859,13,0,0.0041603767,False
859,14,0,0.01270239,False
859,15,0,0.06482447,False
859,16,0,0.00010451537,False
859,17,0,0.010637034,False
859,18,0,0.01900504,False
859,19,0,0.00012895964,False
859,20,0,0.004113186,False
153,0,0,0.007087051,False
153,1,1,0.6351923,True
153,2,0,0.0024043052,False
153,3,0,0.3414264,True
153,4,0,0.00034757782,False
153,5,0,0.086545266,True
153,6,0,0.015843948,False
153,7,0,0.00083388685,False
153,8,0,0.0017058743,False
153,9,0,0.03206593,False
153,10,0,0.04334781,False
153,11,0,0.020806452,False
153,12,0,0.004198656,False
1002,0,0,0.13682625,True
1002,1,1,0.7112897,True
1002,2,0,0.032588873,False
1002,3,0,0.11243669,True
1002,4,0,0.06637641,False
1002,5,0,0.07490213,False
1002,6,0,0.037274886,False
1002,7,0,0.00031918805,False
1002,8,0,4.5938227e-06,False
1002,9,0,0.04740296,False
1002,10,0,0.043118984,False
1002,11,0,7.080396e-05,False
1002,12,0,0.057493456,False
1002,13,0,0.04565621,False
1002,14,0,0.08512938,True
761,0,0,0.01464706,False
761,1,0,0.011255313,False
761,2,0,0.014995882,False
761,3,0,0.010956874,False
761,4,0,0.010858041,False
761,5,1,0.5171245,True
761,6,0,0.049599092,False
761,7,0,0.012142885,False
761,8,1,0.048888788,False
761,9,0,0.010656231,False
761,10,0,0.04413416,False
761,11,0,0.02801734,False
761,12,0,0.022334889,False
761,13,0,0.012702718,False
700,0,0,0.120205805,True
700,1,0,0.19452852,True
700,2,0,0.20348299,True
700,3,0,0.08365134,True
700,4,0,0.00012199764,False
700,5,0,0.053936224,False
700,6,0,0.04404176,False
700,7,0,0.12108858,True
700,8,0,0.087259896,True
700,9,0,0.0481988,False
700,10,0,0.051736258,False
700,11,0,0.02930368,False
700,12,1,0.17656817,True
700,13,0,0.038385086,False
700,14,0,0.046805914,False
1061,0,0,0.17744054,True
1061,1,0,0.120033704,True
1061,2,0,0.09610636,True
1061,3,0,0.006865745,False
1061,4,0,0.007009419,False
1061,5,0,0.12391243,True
1061,6,0,8.1098384e-05,False
1061,7,0,0.011474426,False
1061,8,1,0.6876072,True
1061,9,0,0.00024233307,False
1061,10,0,0.015745325,False
1061,11,0,0.0060566035,False
1061,12,0,0.015054425,False
1061,13,0,0.00096807594,False
1061,14,0,8.5757914e-05,False
1061,15,0,0.022507843,False
1061,16,0,0.0012015228,False
1061,17,0,7.547826e-05,False
1061,18,0,0.009560614,False
1188,0,0,0.008002169,False
1188,1,0,0.005321344,False
1188,2,0,0.013333977,False
1188,3,0,0.013834518,False
1188,4,0,0.013205904,False
1188,5,0,0.4176518,True
1188,6,1,0.92809606,True
1188,7,1,0.3041709,True
1188,8,0,0.020365871,False
1188,9,0,0.029889826,False
1188,10,0,0.01310067,False
1188,11,0,0.034659408,False
1188,12,0,3.0531595e-05,False
1188,13,0,0.013466818,False
1188,14,0,0.33924177,True
1188,15,0,0.10232481,True
1188,16,0,3.2591433e-05,False
1101,0,0,0.5717577,True
1101,1,0,0.03436464,False
1101,2,0,0.011108842,False
1101,3,0,0.0007485431,False
1101,4,1,0.20878325,True
1101,5,0,0.26367936,True
1101,6,0,0.23226888,True
1101,7,0,0.00014582864,False
1101,8,0,0.052391663,False
1101,9,0,0.00063999457,False
1101,10,0,3.5573616e-05,False
1101,11,0,0.010096633,False
1101,12,0,0.01763678,False
1101,13,0,0.014029552,False
1101,14,0,0.028367799,False
1101,15,0,0.04079229,False
1101,16,0,0.043703664,False
1101,17,0,0.02183344,False
311,0,0,0.24297363,True
311,1,0,0.2548899,True
311,2,0,0.41320407,True
311,3,0,0.072138354,False
311,4,0,0.0013418889,False
311,5,1,0.19066344,True
311,6,1,0.23231708,True
311,7,0,0.13793567,True
311,8,0,0.30889437,True
311,9,1,0.059804883,False
311,10,1,0.11976909,True
581,0,0,0.0006111918,False
581,1,0,0.14742498,True
581,2,0,0.043021694,False
581,3,0,0.14895616,True
581,4,0,0.029791048,False
581,5,0,0.26906157,True
581,6,0,0.010298794,False
581,7,0,0.03502966,False
581,8,0,0.019663187,False
581,9,0,0.014568949,False
581,10,0,0.009474036,False
581,11,0,0.010993146,False
581,12,0,0.01206376,False
581,13,1,0.4433527,True
581,14,0,0.1584013,True
581,15,1,0.35446203,True
286,0,0,0.0058466895,False
286,1,0,0.026959987,False
286,2,1,0.5238027,True
286,3,0,6.569408e-05,False
286,4,0,0.018907685,False
286,5,0,0.011222358,False
286,6,0,0.021855218,False
286,7,0,9.374313e-05,False
286,8,0,0.015763603,False
286,9,0,0.0050029703,False
286,10,0,0.00763398,False
286,11,0,0.0072758608,False
286,12,0,0.0101200985,False
286,13,0,0.04845129,False
286,14,0,0.00049481116,False
286,15,0,0.05058074,False
286,16,0,0.004635303,False
454,0,1,0.021228127,False
454,1,0,0.12664688,True
454,2,0,0.05597138,False
454,3,0,0.1118975,True
454,4,0,0.13515629,True
454,5,0,0.09631604,True
454,6,0,0.054841634,False
454,7,0,0.05878541,False
454,8,0,0.05796019,False
454,9,0,0.04559632,False
454,10,0,0.12621376,True
225,0,0,0.1174314,True
225,1,0,0.0955377,True
225,2,0,0.0335947,False
225,3,0,0.25471658,True
225,4,0,0.0640165,False
225,5,0,0.017282708,False
225,6,1,0.4875186,True
225,7,0,0.00039285363,False
225,8,0,0.016474295,False
225,9,0,0.010323748,False
225,10,0,0.011860652,False
225,11,0,0.0054633482,False
225,12,0,7.595581e-05,False
225,13,0,0.021385143,False
225,14,0,0.021120034,False
225,15,0,0.010891926,False
225,16,0,0.0024235845,False
225,17,0,0.105436884,True
225,18,0,0.24315274,True
496,0,0,0.060163796,False
496,1,1,0.092123196,True
496,2,0,0.120821446,True
496,3,0,0.06304914,False
496,4,0,0.12942244,True
496,5,0,0.05839573,False
496,6,0,0.066475175,False
496,7,0,0.0988956,True
496,8,0,0.05561805,False
496,9,0,0.16308765,True
310,0,0,0.26108602,True
310,1,0,0.007672181,False
310,2,0,0.011312836,False
310,3,0,0.023100376,False
310,4,0,0.023795469,False
310,5,0,0.15506785,True
310,6,0,0.21650033,True
310,7,0,0.12564838,True
310,8,0,0.026041273,False
310,9,1,0.3889173,True
310,10,0,0.013293987,False
448,0,0,0.10220506,True
448,1,1,0.38963667,True
448,2,0,0.15917437,True
448,3,1,0.24180892,True
448,4,0,0.034136035,False
448,5,0,0.060878314,False
448,6,0,0.03961603,False
448,7,0,0.13863532,True
448,8,0,0.1503849,True
448,9,0,0.3277231,True
448,10,0,0.3078421,True
1106,0,0,0.46735433,True
1106,1,0,0.015964389,False
1106,2,0,0.014607581,False
1106,3,1,0.027013741,False
1106,4,0,0.027755423,False
1106,5,1,0.49171364,True
1106,6,0,0.04586565,False
1106,7,0,0.08233306,True
1106,8,0,0.1029371,True
1106,9,0,0.0709687,False
1106,10,0,0.074036255,False
1106,11,0,0.016776977,False
742,0,0,0.09309015,True
742,1,0,0.005837055,False
742,2,0,0.009719564,False
742,3,0,0.007900247,False
742,4,0,0.0029939006,False
742,5,0,0.002743426,False
742,6,0,0.034154337,False
742,7,0,0.0119134495,False
742,8,0,0.058276664,False
742,9,0,0.19818786,True
742,10,0,0.0002488602,False
742,11,1,0.07241555,False
742,12,0,0.02147721,False
742,13,0,0.024632564,False
742,14,0,0.10036212,True
742,15,0,0.22618166,True
742,16,0,0.10768678,True
192,0,0,0.5633911,True
192,1,0,0.055920128,False
192,2,0,0.08457829,True
192,3,0,0.002214223,False
192,4,0,0.00062201085,False
192,5,0,0.032502543,False
192,6,0,0.006477253,False
192,7,1,0.06441422,False
192,8,0,0.19271493,True
192,9,0,0.14380486,True
192,10,1,0.16461694,True
192,11,0,0.075976774,False
192,12,0,0.13474229,True
192,13,0,0.028411757,False
1182,0,0,0.17230797,True
1182,1,0,0.010112893,False
1182,2,0,0.096397586,True
1182,3,0,0.0074894056,False
1182,4,0,0.0041828137,False
1182,5,0,0.12801254,True
1182,6,0,0.15405029,True
1182,7,0,0.22005247,True
1182,8,0,0.00921467,False
1182,9,0,0.02443093,False
1182,10,0,0.030098625,False
1182,11,0,5.5500783e-05,False
1182,12,0,0.063626826,False
1182,13,1,0.5895031,True
1182,14,0,0.05225078,False
1182,15,0,8.899348e-05,False
628,0,0,0.004126536,False
628,1,1,0.55895275,True
628,2,0,0.00540119,False
628,3,0,0.02600013,False
628,4,0,0.021622762,False
628,5,0,0.03516847,False
628,6,0,0.015124063,False
628,7,0,0.0192712,False
628,8,0,0.006677497,False
628,9,0,0.002335408,False
628,10,0,0.15298636,True
628,11,0,0.042476643,False
628,12,0,0.00029565336,False
628,13,0,0.006054967,False
628,14,0,0.0002253884,False
628,15,0,0.023123976,False
628,16,0,0.026976628,False
785,0,0,0.0055904263,False
785,1,0,0.00086512783,False
785,2,0,0.05304289,False
785,3,0,0.079361215,True
785,4,1,0.5195551,True
785,5,0,3.3590193e-05,False
785,6,0,0.012136046,False
785,7,1,0.19508483,True
785,8,0,0.001652819,False
785,9,0,0.01438863,False
785,10,0,0.48672557,True
785,11,0,0.02779488,False
785,12,0,0.011138776,False
785,13,0,8.3361345e-05,False
785,14,0,0.0015286426,False
785,15,0,0.008603952,False
785,16,0,0.0032381692,False
785,17,0,0.0003016663,False
362,0,0,0.04379355,False
362,1,0,0.14189209,True
362,2,0,0.005925289,False
362,3,0,0.022632796,False
362,4,0,0.051484827,False
362,5,1,0.49072695,True
362,6,0,0.012221525,False
362,7,0,0.0125613045,False
362,8,0,0.2391636,True
362,9,0,0.0413929,False
362,10,0,0.007267373,False
362,11,0,0.07917211,True
127,0,1,0.17244466,True
127,1,0,0.19351648,True
127,2,0,0.27784193,True
127,3,0,0.019463722,False
127,4,0,0.046184897,False
127,5,0,0.07258964,False
127,6,0,0.054236863,False
127,7,0,0.04023244,False
127,8,1,0.65512526,True
127,9,0,0.071470395,False
127,10,0,0.039817303,False
971,0,0,0.33737656,True
971,1,1,0.93160033,True
971,2,0,0.00017149777,False
971,3,0,0.04306797,False
971,4,0,0.018877529,False
971,5,0,0.020922597,False
971,6,0,0.0043420107,False
971,7,0,0.004846771,False
971,8,0,0.01444002,False
971,9,0,0.005134445,False
971,10,0,0.017868552,False
971,11,0,0.014029855,False
971,12,0,0.014583464,False
971,13,0,0.035028905,False
971,14,0,0.014627121,False
971,15,0,6.16003e-05,False
971,16,0,2.6770142e-06,False
317,0,0,0.0028549982,False
317,1,0,0.30733338,True
317,2,0,0.0049325433,False
317,3,0,0.08651076,True
317,4,0,0.0018393488,False
317,5,0,0.002437935,False
317,6,0,0.019222429,False
317,7,0,0.012125469,False
317,8,1,0.38170636,True
317,9,0,0.120100185,True
317,10,0,0.018730644,False
317,11,0,0.0018616052,False
354,0,0,0.013887058,False
354,1,1,0.7752693,True
354,2,0,0.0053267023,False
354,3,0,0.49622616,True
354,4,0,0.004631874,False
354,5,0,0.05970201,False
354,6,0,0.015366208,False
354,7,0,0.0034451168,False
354,8,0,0.008235229,False
354,9,0,0.01357711,False
354,10,0,0.0076914383,False
354,11,0,0.005932981,False
354,12,0,9.992727e-05,False
354,13,0,0.0015517104,False
354,14,0,0.0025128054,False
354,15,0,0.007820494,False
354,16,0,0.0016152415,False
354,17,0,0.0030277516,False
1159,0,0,0.44173002,True
1159,1,0,0.01339496,False
1159,2,0,0.03860733,False
1159,3,0,4.769038e-05,False
1159,4,0,0.11627803,True
1159,5,0,0.27884984,True
1159,6,0,0.061610054,False
1159,7,0,0.053350516,False
1159,8,0,0.014792744,False
1159,9,0,0.03795148,False
1159,10,0,0.075414,False
1159,11,1,0.08007316,True
1159,12,0,0.082054175,True
1159,13,0,0.03334875,False
1159,14,0,0.06493912,False
1159,15,0,7.062816e-05,False
89,0,0,0.054625988,False
89,1,0,0.011232883,False
89,2,0,0.003926449,False
89,3,0,0.036351006,False
89,4,0,0.023224141,False
89,5,0,0.0049795164,False
89,6,0,0.0035733841,False
89,7,0,0.010488676,False
89,8,0,0.035795424,False
89,9,0,0.0017826443,False
89,10,0,0.21109316,True
89,11,0,0.033290625,False
89,12,0,0.16212423,True
89,13,0,0.37061355,True
89,14,1,0.41707832,True
89,15,0,0.028707057,False
89,16,0,0.0042699124,False
89,17,0,0.0015641036,False
328,0,0,0.46308962,True
328,1,0,0.012531607,False
328,2,0,0.015454625,False
328,3,0,0.007950937,False
328,4,0,0.003596472,False
328,5,0,0.058680676,False
328,6,0,0.30939436,True
328,7,0,0.011500536,False
328,8,1,0.057323895,False
328,9,0,0.011267629,False
328,10,0,0.01565508,False
328,11,0,0.016650902,False
328,12,0,0.3350559,True
735,0,0,0.466907,True
735,1,0,0.0123689035,False
735,2,1,0.13342695,True
735,3,0,0.037328746,False
735,4,0,0.010307594,False
735,5,0,0.021991268,False
735,6,0,0.06542165,False
735,7,0,0.121791475,True
735,8,0,0.012536359,False
735,9,0,0.0034570652,False
735,10,0,0.059321616,False
735,11,0,0.044276703,False
735,12,0,0.05347889,False
735,13,0,0.00012823212,False
508,0,0,0.00060184853,False
508,1,1,0.60200423,True
508,2,0,0.060512662,False
508,3,0,0.5256081,True
508,4,0,0.0646531,False
508,5,1,0.008402427,False
508,6,0,0.00046294194,False
508,7,0,0.0005348425,False
508,8,0,0.0047768177,False
508,9,0,0.00041621426,False
508,10,0,0.000507319,False
508,11,0,0.0031049321,False
508,12,0,0.00041920366,False
508,13,0,0.00026367087,False
508,14,0,0.009484853,False
508,15,0,0.00028461154,False
508,16,0,0.00065353926,False
508,17,0,0.004548499,False
508,18,0,0.00054560887,False
508,19,0,0.00032298843,False
508,20,0,0.007834762,False
508,21,0,0.0035310243,False
508,22,0,0.0008319268,False
508,23,0,0.007842097,False
508,24,0,0.00062340614,False
508,25,0,0.00035320735,False
508,26,0,0.0006863019,False
1171,0,0,0.003924001,False
1171,1,0,0.015949136,False
1171,2,0,0.00034142862,False
1171,3,0,0.00036762812,False
1171,4,0,0.0026962007,False
1171,5,0,0.014112605,False
1171,6,0,0.0030346466,False
1171,7,0,0.0030359311,False
1171,8,0,0.24691558,True
1171,9,0,0.090647995,True
1171,10,0,0.062693916,False
1171,11,0,0.00028747116,False
1171,12,0,1.5688487e-05,False
1171,13,0,0.09646881,True
1171,14,1,0.36228707,True
1171,15,0,0.00018912392,False
1171,16,0,0.09124455,True
1171,17,0,0.0006568199,False
1171,18,0,0.0018592143,False
1171,19,0,0.0028699532,False
1171,20,0,0.007206915,False
242,0,0,0.01364553,False
242,1,0,0.8644476,True
242,2,0,0.00022032509,False
242,3,0,0.014958647,False
242,4,0,0.35651895,True
242,5,0,0.0107413065,False
242,6,0,0.0071158614,False
242,7,0,0.0026902822,False
242,8,0,0.0116757415,False
242,9,1,0.2597154,True
242,10,0,0.28140736,True
242,11,0,0.00628095,False
242,12,0,0.013033696,False
488,0,0,0.044421397,False
488,1,0,0.04406525,False
488,2,0,0.012723284,False
488,3,0,0.02523546,False
488,4,0,0.014322226,False
488,5,0,0.04086341,False
488,6,0,0.054283842,False
488,7,0,0.43254647,True
488,8,0,0.00061872136,False
488,9,0,0.003349102,False
488,10,1,0.5916178,True
488,11,0,0.0023131073,False
601,0,0,0.43514985,True
601,1,0,0.002208764,False
601,2,0,0.03490379,False
601,3,0,0.1094828,True
601,4,0,0.008281324,False
601,5,0,0.015040588,False
601,6,0,0.072914585,False
601,7,0,0.066249564,False
601,8,0,0.123307586,True
601,9,0,0.0687885,False
601,10,0,0.057511255,False
601,11,0,0.04678575,False
601,12,0,0.06963511,False
601,13,1,0.5890558,True
601,14,0,0.060403276,False
601,15,0,0.006187657,False
919,0,1,0.5814341,True
919,1,0,0.020629223,False
919,2,0,0.017732702,False
919,3,0,0.06332437,False
919,4,0,0.051395178,False
919,5,0,0.014917999,False
919,6,0,0.017967472,False
919,7,0,0.48293424,True
919,8,0,0.0060670115,False
919,9,0,0.030569917,False
919,10,0,0.10731833,True
919,11,0,0.0048417277,False
919,12,0,0.082884595,True
919,13,0,0.014797485,False
787,0,1,0.04511341,False
787,1,1,0.013399006,False
787,2,0,0.4766109,True
787,3,0,0.010442179,False
787,4,0,0.39504611,True
787,5,0,0.1078696,True
787,6,0,0.00470915,False
787,7,0,0.014396253,False
787,8,0,0.06428239,False
787,9,0,0.0021931867,False
787,10,0,0.08352376,True
787,11,0,0.0021546008,False
787,12,0,0.00019013883,False
787,13,0,0.03483988,False
361,0,0,0.009336011,False
361,1,1,0.5821184,True
361,2,0,0.025306653,False
361,3,0,0.0047398834,False
361,4,0,0.024036191,False
361,5,0,0.07765156,False
361,6,0,0.031077795,False
361,7,0,0.018898359,False
361,8,0,0.72080654,True
361,9,0,0.024817305,False
361,10,0,0.064358145,False
361,11,0,0.029442953,False
208,0,0,0.03938918,False
208,1,0,0.07992787,True
208,2,0,0.035424136,False
208,3,0,0.089497596,True
208,4,0,0.13523793,True
208,5,0,0.19707394,True
208,6,0,0.040348418,False
208,7,0,0.09855006,True
208,8,0,0.11133548,True
208,9,0,0.062239487,False
208,10,0,0.05321906,False
208,11,1,0.5433641,True
208,12,0,0.023251157,False
208,13,0,0.10375334,True
23,0,0,0.0006772455,False
23,1,1,0.50391555,True
23,2,1,0.55057716,True
23,3,0,0.23316404,True
23,4,0,0.3990089,True
23,5,0,0.29958835,True
23,6,0,0.03354004,False
23,7,0,0.03355768,False
23,8,0,0.07737271,False
23,9,0,0.09099087,True
23,10,0,0.075898886,False
23,11,0,0.039402533,False
931,0,0,0.19923069,True
931,1,0,0.0053892327,False
931,2,0,0.008269971,False
931,3,0,0.022686135,False
931,4,0,0.0003194045,False
931,5,0,0.006293178,False
931,6,0,0.026094668,False
931,7,0,0.0004766999,False
931,8,0,0.019828064,False
931,9,1,0.27971214,True
931,10,0,0.21085554,True
931,11,0,0.012522341,False
931,12,0,0.0143615315,False
931,13,0,0.014602896,False
931,14,0,0.26587835,True
106,0,0,0.009368091,False
106,1,0,0.5963029,True
106,2,0,4.6160265e-05,False
106,3,0,0.017284757,False
106,4,0,0.0030554656,False
106,5,0,0.006678247,False
106,6,0,0.003929492,False
106,7,0,0.0015653722,False
106,8,0,0.0010183865,False
106,9,0,0.00012711853,False
106,10,0,6.31735e-05,False
106,11,1,0.097793266,True
106,12,0,0.14983723,True
106,13,0,0.0037571199,False
106,14,0,4.0424173e-05,False
106,15,0,0.003741391,False
106,16,0,0.004277776,False
220,0,0,0.0060875714,False
220,1,0,0.0074055893,False
220,2,0,0.0029853003,False
220,3,0,0.01628208,False
220,4,0,0.04310059,False
220,5,0,0.003416521,False
220,6,0,0.0041338443,False
220,7,0,0.011861411,False
220,8,0,0.0062396857,False
220,9,0,0.0043018344,False
220,10,0,0.30019677,True
220,11,0,0.026783112,False
220,12,0,0.2531241,True
220,13,0,0.11537165,True
220,14,0,0.061336175,False
220,15,0,0.24735624,True
220,16,1,0.08303705,True
220,17,0,0.031965137,False
827,0,0,0.3294336,True
827,1,0,0.021644117,False
827,2,1,0.33033466,True
827,3,0,0.00019850268,False
827,4,0,0.002683612,False
827,5,0,0.045353003,False
827,6,0,0.008309784,False
827,7,0,0.009648864,False
827,8,0,0.0690322,False
827,9,0,0.0059716683,False
827,10,0,0.22564293,True
827,11,0,0.009831885,False
827,12,0,0.0137605565,False
827,13,0,0.058286514,False
827,14,0,0.021039596,False
1210,0,0,0.020519823,False
1210,1,0,0.013154427,False
1210,2,0,0.024872623,False
1210,3,0,0.015644994,False
1210,4,1,0.46147004,True
1210,5,0,0.0003044449,False
1210,6,0,0.014221356,False
1210,7,0,0.020394726,False
1210,8,0,0.020487513,False
1210,9,0,0.00890206,False
1210,10,0,0.007354412,False
1210,11,0,0.003801266,False
1210,12,0,0.0031993708,False
1210,13,0,0.18089178,True
1210,14,0,0.0002090658,False
1210,15,0,0.07181655,False
1218,0,0,0.0015759104,False
1218,1,0,0.005623099,False
1218,2,0,0.00010420976,False
1218,3,0,0.00017977893,False
1218,4,0,0.0012346068,False
1218,5,0,0.0022782485,False
1218,6,0,0.0008998604,False
1218,7,0,0.0007042912,False
1218,8,0,0.08650803,True
1218,9,0,0.06142896,False
1218,10,0,0.044796795,False
1218,11,0,0.13429438,True
1218,12,0,0.04894161,False
1218,13,0,0.014424033,False
1218,14,1,0.4588416,True
1218,15,0,2.0866062e-05,False
1218,16,0,0.020948613,False
1218,17,0,8.395159e-05,False
1218,18,0,0.00026896654,False
1218,19,0,0.001676651,False
1218,20,0,0.0031727822,False
81,0,0,0.006761673,False
81,1,1,0.3351436,True
81,2,0,0.021691797,False
81,3,1,0.61149776,True
81,4,0,0.1796278,True
81,5,0,0.011785338,False
81,6,0,0.0034239125,False
81,7,0,0.0017842987,False
81,8,0,0.07014649,False
81,9,0,0.0227551,False
81,10,0,0.00021825454,False
81,11,0,0.0713254,False
81,12,0,0.0022848446,False
1034,0,0,0.5022311,True
1034,1,1,0.5381559,True
1034,2,0,0.22620885,True
1034,3,0,0.023495357,False
1034,4,0,0.015582543,False
1034,5,0,0.04597318,False
1034,6,0,0.06734634,False
1034,7,0,0.03842454,False
1034,8,0,0.04160239,False
1034,9,0,0.049805496,False
1034,10,0,0.05069202,False
1034,11,0,0.045713045,False
1034,12,0,0.024802033,False
435,0,0,0.0974938,True
435,1,0,0.04758397,False
435,2,0,0.018885637,False
435,3,0,0.044120084,False
435,4,0,0.06878749,False
435,5,0,0.045811884,False
435,6,0,0.024455223,False
435,7,0,0.025370069,False
435,8,1,0.040586457,False
435,9,0,0.04461245,False
435,10,0,0.05039931,False
435,11,0,0.6409025,True
435,12,0,0.0006110828,False
129,0,0,0.10897375,True
129,1,0,0.0126104895,False
129,2,0,0.024442151,False
129,3,0,0.017218497,False
129,4,0,0.3687788,True
129,5,0,0.021382824,False
129,6,1,0.9509773,True
129,7,0,0.0022970177,False
129,8,0,0.021388516,False
129,9,0,0.25099254,True
129,10,0,0.01762057,False
94,0,0,0.0022517839,False
94,1,0,0.085102156,True
94,2,0,0.08585065,True
94,3,0,0.023214774,False
94,4,0,0.0016115032,False
94,5,0,0.013373544,False
94,6,0,0.042160477,False
94,7,0,0.018228713,False
94,8,0,0.4586155,True
94,9,1,0.04877215,False
94,10,0,0.001160162,False
94,11,0,0.01101248,False
94,12,0,0.15920436,True
94,13,0,0.0003949576,False
94,14,0,0.05413646,False
554,0,1,0.17295139,True
554,1,0,0.051821623,False
554,2,0,0.02498168,False
554,3,0,0.039851088,False
554,4,0,0.03559325,False
554,5,0,0.005518577,False
554,6,0,0.005709122,False
554,7,0,0.0013562086,False
554,8,0,7.3094e-05,False
554,9,0,0.00047398466,False
554,10,0,0.0056838533,False
554,11,0,0.04113343,False
554,12,0,0.5869046,True
554,13,0,0.00028831686,False
554,14,0,0.058091052,False
554,15,0,0.0008210634,False
409,0,1,0.26179883,True
409,1,0,0.17800108,True
409,2,0,0.30970952,True
409,3,0,0.4038274,True
409,4,0,0.12619784,True
409,5,0,0.08968696,True
409,6,0,0.05671512,False
409,7,0,0.048025604,False
409,8,0,0.026663411,False
409,9,0,0.08013917,True
409,10,0,0.16819519,True
587,0,0,0.00019371272,False
587,1,0,0.0043310784,False
587,2,0,0.035251066,False
587,3,0,0.034040038,False
587,4,0,0.2653319,True
587,5,0,0.11193324,True
587,6,0,0.41246983,True
587,7,0,0.37370753,True
587,8,0,0.07704858,False
587,9,1,0.16850035,True
587,10,1,0.09448733,True
587,11,0,0.051676154,False
587,12,0,0.056388676,False
587,13,0,0.0373005,False
587,14,0,0.053814307,False
587,15,0,0.11889421,True
587,16,0,0.045134645,False
1212,0,0,0.0011242534,False
1212,1,0,0.2011618,True
1212,2,0,0.0028720882,False
1212,3,0,0.08905165,True
1212,4,0,9.540982e-05,False
1212,5,0,0.0005664939,False
1212,6,0,0.0007908998,False
1212,7,0,0.004793051,False
1212,8,0,0.0025724568,False
1212,9,0,0.00520118,False
1212,10,0,0.00044789354,False
1212,11,0,0.062808,False
1212,12,0,7.424136e-05,False
1212,13,0,0.001945605,False
1212,14,1,0.28069562,True
1212,15,0,0.0008829373,False
607,0,0,0.21427642,True
607,1,0,0.020025829,False
607,2,0,0.032961924,False
607,3,0,0.07000148,False
607,4,0,0.07009933,False
607,5,0,0.10924302,True
607,6,0,0.09792741,True
607,7,0,0.08218396,True
607,8,0,0.064828776,False
607,9,1,0.38122004,True
607,10,0,0.06994965,False
607,11,0,0.028834518,False
398,0,0,0.027644392,False
398,1,0,0.12484614,True
398,2,0,0.0014412454,False
398,3,0,0.0018663416,False
398,4,1,0.76339364,True
398,5,0,2.7630309e-05,False
398,6,0,0.0011654339,False
398,7,0,0.014910691,False
398,8,0,0.00037611707,False
398,9,0,0.025667671,False
398,10,0,0.005859686,False
398,11,0,0.00019274894,False
398,12,0,0.78549063,True
398,13,0,2.4467481e-05,False
398,14,0,0.008096839,False
398,15,0,0.059533723,False
398,16,0,0.026115458,False
398,17,0,3.6671245e-05,False
398,18,0,0.004273117,False
398,19,0,0.03828069,False
398,20,0,6.493063e-05,False
398,21,0,0.0064928606,False
1220,0,0,0.026255812,False
1220,1,0,0.013700072,False
1220,2,0,0.00042611486,False
1220,3,0,0.00020511268,False
1220,4,0,0.0034794358,False
1220,5,0,0.01363992,False
1220,6,0,0.0037606803,False
1220,7,0,0.0014319993,False
1220,8,0,0.11781548,True
1220,9,0,0.05246692,False
1220,10,0,0.07898567,True
1220,11,0,8.443491e-05,False
1220,12,0,1.487759e-05,False
1220,13,0,0.029392019,False
1220,14,1,0.3552624,True
1220,15,0,3.885867e-05,False
1220,16,0,0.06434745,False
1220,17,0,0.0002749738,False
1220,18,0,0.002521837,False
1220,19,0,0.008055176,False
1112,0,0,0.0046387273,False
1112,1,0,0.17935985,True
1112,2,0,0.0044504767,False
1112,3,0,0.0033892114,False
1112,4,0,0.12623417,True
1112,5,0,0.1337156,True
1112,6,0,0.111388825,True
1112,7,0,0.0058013494,False
1112,8,0,0.0028010563,False
1112,9,0,0.024608042,False
1112,10,0,0.032674015,False
1112,11,0,0.020652106,False
1112,12,1,0.01792332,False
1112,13,0,0.23773387,True
1112,14,0,0.0019652843,False
1112,15,0,0.247123,True
674,0,1,0.2206951,True
674,1,0,0.23681156,True
674,2,0,0.016696082,False
674,3,0,0.004635611,False
674,4,0,0.08757098,True
674,5,0,0.20065573,True
674,6,0,0.12352629,True
674,7,0,0.29532483,True
674,8,0,0.050953776,False
674,9,0,0.087538354,True
674,10,0,0.111857176,True
674,11,0,0.0515923,False
674,12,0,0.016376967,False
674,13,0,0.18882193,True
534,0,1,0.48109186,True
534,1,0,0.015591836,False
534,2,0,0.14398424,True
534,3,0,0.017371083,False
534,4,0,0.029108372,False
534,5,0,0.07265797,False
534,6,0,0.1085464,True
534,7,0,0.12978825,True
534,8,1,0.14625044,True
534,9,0,0.1505634,True
534,10,0,0.091147095,True
534,11,0,0.024532015,False
534,12,0,0.022403968,False
534,13,0,0.012528198,False
73,0,1,0.04822377,False
73,1,0,0.021855285,False
73,2,0,0.01812104,False
73,3,0,0.053054836,False
73,4,0,0.004128824,False
73,5,0,0.015049568,False
73,6,0,0.057625756,False
73,7,1,0.04942883,False
73,8,0,0.042747926,False
73,9,0,0.014102205,False
1047,0,0,0.26953438,True
1047,1,1,0.058421202,False
1047,2,0,0.051635563,False
1047,3,0,0.05869836,False
1047,4,0,0.09655021,True
1047,5,0,0.09649234,True
1047,6,0,0.06093379,False
1047,7,0,0.076383345,False
1047,8,0,0.12477575,True
1047,9,0,0.26573488,True
1047,10,1,0.07942535,True
1047,11,0,0.08621688,True
1047,12,0,0.07193655,False
1047,13,0,0.055033006,False
862,0,0,0.344503,True
862,1,0,0.002849205,False
862,2,0,0.0037875623,False
862,3,0,6.3203515e-05,False
862,4,0,0.0011528416,False
862,5,0,0.015945341,False
862,6,0,0.026318038,False
862,7,0,0.022852318,False
862,8,0,0.0016592576,False
862,9,0,0.12134198,True
862,10,0,0.09393349,True
862,11,0,0.01579332,False
862,12,0,0.01856106,False
862,13,0,0.11144773,True
862,14,0,0.0017718761,False
862,15,1,0.37166446,True
862,16,0,0.0033260835,False
862,17,0,1.320717e-05,False
769,0,0,0.010082606,False
769,1,1,0.79741514,True
769,2,0,0.0057904273,False
769,3,0,0.29001194,True
769,4,0,0.03821808,False
769,5,0,0.15122758,True
769,6,0,0.0037339777,False
769,7,0,0.0005736869,False
769,8,0,0.0044517745,False
769,9,0,0.02181769,False
769,10,0,0.03440108,False
769,11,0,0.04030692,False
769,12,0,0.013613254,False
769,13,0,0.02354701,False
1046,0,0,0.2845444,True
1046,1,1,0.104579985,True
1046,2,0,0.06479725,False
1046,3,0,0.052110203,False
1046,4,0,0.047277573,False
1046,5,0,0.056539077,False
1046,6,0,0.07119683,False
1046,7,0,0.06492581,False
1046,8,0,0.037515555,False
1046,9,0,0.052766144,False
1046,10,0,0.08286862,True
1046,11,0,0.27064535,True
1046,12,0,0.03540613,False
1046,13,0,0.0466381,False
185,0,0,0.009288904,False
185,1,0,0.26524058,True
185,2,0,0.006135277,False
185,3,1,0.2237173,True
185,4,0,0.004958496,False
185,5,0,0.018708488,False
185,6,0,0.008432396,False
185,7,0,0.0573779,False
185,8,0,0.005664859,False
185,9,0,0.003586875,False
185,10,0,0.030636664,False
185,11,0,0.0017197758,False
185,12,0,0.025759447,False
185,13,0,0.0017800295,False
185,14,0,0.036776476,False
185,15,0,0.0005250353,False
185,16,0,0.01271241,False
185,17,0,0.00057263614,False
185,18,0,0.0001491236,False
185,19,0,0.0058313073,False
185,20,0,0.00057767425,False
185,21,0,0.0028687064,False
1130,0,0,0.000574483,False
1130,1,0,0.283118,True
1130,2,0,0.21892023,True
1130,3,0,0.18502085,True
1130,4,0,0.053300135,False
1130,5,0,0.05284981,False
1130,6,0,0.06534398,False
1130,7,0,0.07939091,True
1130,8,0,0.06574011,False
1130,9,0,0.042700633,False
1130,10,1,0.19782712,True
1130,11,0,0.15513471,True
1130,12,1,0.4896338,True
515,0,0,0.4739153,True
515,1,0,0.03273264,False
515,2,0,0.02556769,False
515,3,0,0.04378693,False
515,4,0,0.095934525,True
515,5,0,0.008439619,False
515,6,0,0.00030050572,False
515,7,0,0.09055616,True
515,8,0,0.0027282368,False
515,9,0,0.04148763,False
515,10,0,0.045284986,False
515,11,1,0.56200016,True
515,12,0,0.04084073,False
515,13,0,0.022105949,False
667,0,0,0.13585603,True
667,1,0,0.015606019,False
667,2,0,0.059442166,False
667,3,1,0.51941407,True
667,4,0,0.0037484893,False
667,5,0,6.204263e-05,False
667,6,0,0.0042918012,False
667,7,0,0.010208938,False
667,8,0,0.017618965,False
667,9,0,0.039054707,False
667,10,0,0.02764559,False
667,11,1,0.5484218,True
667,12,0,0.026431082,False
667,13,0,0.025481429,False
667,14,0,0.0045557637,False
667,15,0,0.22539173,True
580,0,1,0.76738346,True
580,1,0,0.012344092,False
580,2,0,0.21495163,True
580,3,0,0.00022837774,False
580,4,1,0.039467804,False
580,5,0,0.0002405314,False
580,6,0,0.001941133,False
580,7,0,6.795767e-05,False
580,8,0,0.011406025,False
580,9,0,0.009535447,False
580,10,0,0.0096031735,False
580,11,0,0.023086838,False
580,12,0,0.012040765,False
580,13,0,0.016353492,False
580,14,0,0.00074339466,False
500,0,0,0.0038643086,False
500,1,0,0.36304793,True
500,2,0,0.013437418,False
500,3,0,0.35516727,True
500,4,0,0.0030640722,False
500,5,0,0.38073197,True
500,6,0,0.008850851,False
500,7,0,0.308369,True
500,8,0,0.001806675,False
500,9,0,0.20007962,True
500,10,0,0.004482993,False
500,11,1,0.32099873,True
500,12,0,0.001407786,False
1070,0,0,0.11638957,True
1070,1,0,0.17634931,True
1070,2,0,0.041619908,False
1070,3,1,0.33686632,True
1070,4,0,0.0012813073,False
1070,5,0,0.07309893,False
1070,6,0,0.026914284,False
1070,7,1,0.056811083,False
1070,8,0,0.071553335,False
1070,9,0,0.00863968,False
1070,10,0,0.022035826,False
1070,11,0,0.0072688176,False
1070,12,0,0.00460212,False
1070,13,0,0.0037190467,False
1070,14,0,9.1964685e-05,False
1070,15,0,5.7907808e-05,False
1070,16,0,3.708634e-05,False
1070,17,0,0.0062436825,False
654,0,0,0.025396857,False
654,1,0,0.43365237,True
654,2,0,0.0011506442,False
654,3,0,0.0077785784,False
654,4,0,0.0319759,False
654,5,0,0.033113424,False
654,6,0,0.1068992,True
654,7,0,0.026380295,False
654,8,0,0.00027869258,False
654,9,0,0.08912795,True
654,10,0,0.0528585,False
654,11,0,0.03499454,False
654,12,0,0.004888054,False
654,13,0,0.3021413,True
654,14,1,0.0040137935,False
654,15,0,4.5555076e-05,False
284,0,0,0.00535754,False
284,1,0,0.0010229275,False
284,2,0,0.11632402,True
284,3,0,0.0018693177,False
284,4,0,0.50670797,True
284,5,0,0.0003305801,False
284,6,0,0.026860585,False
284,7,0,0.08095214,True
284,8,0,0.022523113,False
284,9,0,0.00015690738,False
284,10,0,0.03103943,False
284,11,0,0.1652551,True
284,12,1,0.23282276,True
284,13,0,0.112027496,True
284,14,0,0.03310251,False
1065,0,0,0.093996964,True
1065,1,0,0.0094338525,False
1065,2,0,7.228053e-05,False
1065,3,0,9.2435046e-05,False
1065,4,0,0.008139296,False
1065,5,0,0.007630239,False
1065,6,0,0.009604348,False
1065,7,0,0.0069564064,False
1065,8,0,0.0111172255,False
1065,9,0,0.2200516,True
1065,10,0,0.11077123,True
1065,11,0,0.018532028,False
1065,12,0,0.007948681,False
1065,13,0,0.02836086,False
1065,14,1,0.7029008,True
1065,15,0,0.002108011,False
1065,16,0,0.013101471,False
1065,17,0,0.014290194,False
1065,18,0,0.0060184845,False
1065,19,0,0.006094006,False
1065,20,0,0.011073028,False
1065,21,0,0.00046524324,False
1065,22,0,0.00030760138,False
969,0,1,0.57458276,True
969,1,0,0.03482751,False
969,2,0,0.060325366,False
969,3,0,0.101206504,True
969,4,0,0.046957906,False
969,5,0,0.11200268,True
969,6,0,0.04791731,False
969,7,0,7.256285e-05,False
969,8,0,0.009806488,False
969,9,0,0.008931478,False
969,10,0,0.018281704,False
969,11,0,0.00027524054,False
969,12,0,0.07815769,False
969,13,0,0.00017436418,False
969,14,0,0.011987183,False
969,15,0,0.06747736,False
969,16,0,0.002788083,False
969,17,0,0.032903906,False
1092,0,0,0.45919755,True
1092,1,0,0.01167035,False
1092,2,1,0.36798978,True
1092,3,0,6.9699476e-05,False
1092,4,0,0.036267642,False
1092,5,0,0.08723146,True
1092,6,0,0.05749727,False
1092,7,0,0.038921963,False
1092,8,1,0.06551762,False
1092,9,0,0.062076323,False
1092,10,0,0.074710354,False
1092,11,0,0.10464003,True
1092,12,0,0.04318415,False
1092,13,0,0.051703967,False
1092,14,0,0.044891503,False
471,0,0,0.007284638,False
471,1,0,0.004640956,False
471,2,1,0.45396468,True
471,3,0,0.029144173,False
471,4,0,0.55638474,True
471,5,0,0.009636723,False
471,6,0,0.011754029,False
471,7,0,0.083532445,True
471,8,0,0.0940177,True
471,9,0,0.095686555,True
471,10,0,0.10008445,True
829,0,0,0.017470937,False
829,1,1,0.46685317,True
829,2,0,0.034057114,False
829,3,0,0.40056935,True
829,4,0,0.21447237,True
829,5,0,0.0026639374,False
829,6,0,0.010432757,False
829,7,0,0.030662334,False
829,8,0,0.04523677,False
829,9,0,0.08305757,True
829,10,0,0.0030768393,False
829,11,0,0.002028914,False
829,12,0,0.06276531,False
829,13,0,0.03709127,False
829,14,0,7.010389e-05,False
715,0,1,0.3153533,True
715,1,0,0.06001721,False
715,2,0,0.03512199,False
715,3,0,0.004514995,False
715,4,0,0.2823369,True
715,5,0,0.0011455193,False
715,6,0,0.0077648885,False
715,7,0,0.011180761,False
715,8,0,0.0052944487,False
715,9,0,0.0059002857,False
715,10,0,0.011666078,False
715,11,0,0.0110767875,False
715,12,1,0.2810255,True
715,13,0,0.18022896,True
715,14,1,0.42288145,True
416,0,0,0.12069643,True
416,1,0,0.20085359,True
416,2,0,0.11226404,True
416,3,0,0.13372765,True
416,4,0,0.06275873,False
416,5,0,0.08215034,True
416,6,0,0.28766516,True
416,7,0,0.12572539,True
416,8,0,0.37104696,True
416,9,1,0.5340855,True
416,10,0,0.20096032,True
611,0,1,0.5882815,True
611,1,0,0.13735482,True
611,2,0,0.02149697,False
611,3,0,0.032937773,False
611,4,0,0.040480938,False
611,5,0,0.016910806,False
611,6,0,0.027964467,False
611,7,0,0.28555447,True
611,8,0,0.015131751,False
611,9,0,0.09695535,True
611,10,0,0.00016274648,False
611,11,0,0.03925647,False
611,12,0,0.036116414,False
611,13,0,0.05140892,False
876,0,0,0.15349148,True
876,1,1,0.7984592,True
876,2,0,0.03181729,False
876,3,0,0.0496007,False
876,4,0,0.033536587,False
876,5,0,0.051272366,False
876,6,0,0.01040685,False
876,7,0,0.013500733,False
876,8,0,0.08012627,True
876,9,0,0.083413884,True
876,10,0,0.052032106,False
876,11,0,0.024705902,False
247,0,0,0.05581305,False
247,1,0,0.023338282,False
247,2,0,0.026829919,False
247,3,0,0.006844955,False
247,4,0,0.20755622,True
247,5,0,0.024162441,False
247,6,0,9.868411e-05,False
247,7,0,0.02389549,False
247,8,0,0.10357617,True
247,9,0,0.11157619,True
247,10,1,0.4026597,True
247,11,0,0.0013819068,False
247,12,0,0.13733093,True
247,13,0,0.00036922775,False
517,0,0,4.2892352e-05,False
517,1,0,0.048848893,False
517,2,0,0.058735456,False
517,3,0,0.37237683,True
517,4,1,0.4061232,True
517,5,0,0.06625006,False
517,6,0,3.376056e-05,False
517,7,0,0.07534532,False
517,8,0,0.01800265,False
517,9,0,0.012570926,False
517,10,0,0.0058700587,False
517,11,0,0.0006450723,False
517,12,0,0.08646254,True
517,13,0,0.0018708362,False
517,14,0,0.000296587,False
517,15,0,0.016287817,False
526,0,0,0.012122202,False
526,1,1,0.9555465,True
526,2,0,0.0031148382,False
526,3,0,0.05479872,False
526,4,0,0.020974157,False
526,5,0,0.03455879,False
526,6,0,0.029550811,False
526,7,0,0.02426777,False
526,8,0,0.035561297,False
526,9,0,0.019666519,False
526,10,0,0.019480208,False
526,11,0,0.018664585,False
526,12,0,0.024352698,False
595,0,0,0.016716927,False
595,1,0,0.3501962,True
595,2,0,0.00018118073,False
595,3,0,0.007424499,False
595,4,0,0.14503266,True
595,5,0,0.002569582,False
595,6,0,0.0021809277,False
595,7,0,0.01193986,False
595,8,0,0.025769979,False
595,9,0,0.030160198,False
595,10,0,0.021508507,False
595,11,0,0.021256927,False
595,12,0,0.011591302,False
595,13,1,0.969666,True
595,14,0,0.00066363695,False
257,0,0,0.0041973996,False
257,1,1,0.080068454,True
257,2,0,0.064409226,False
257,3,0,0.018556632,False
257,4,0,0.0021519135,False
257,5,0,0.014942312,False
257,6,0,0.019266214,False
257,7,0,0.011782989,False
257,8,0,0.34436214,True
257,9,0,0.008962054,False
257,10,0,0.21330985,True
257,11,0,0.008887159,False
257,12,0,0.07024544,False
257,13,0,0.00016858909,False
257,14,0,0.09215841,True
401,0,0,0.0010871188,False
401,1,0,0.0011160668,False
401,2,0,0.00050301926,False
401,3,0,4.7391615e-05,False
401,4,0,0.0006015323,False
401,5,0,0.0019584452,False
401,6,0,0.00014394576,False
401,7,0,2.9874298e-06,False
401,8,0,0.010744099,False
401,9,0,0.00011575564,False
401,10,0,0.0008950339,False
401,11,0,0.015537418,False
401,12,0,0.00024464788,False
401,13,1,0.26058844,True
401,14,0,3.1511984e-06,False
401,15,0,0.0012881787,False
401,16,0,0.00032545693,False
401,17,0,0.48236084,True
401,18,0,1.8412328e-06,False
401,19,0,0.000116293,False
401,20,0,0.00029273133,False
401,21,1,0.26774335,True
401,22,0,4.554398e-06,False
401,23,0,0.0018029552,False
401,24,0,0.0007493246,False
401,25,0,0.0011194304,False
401,26,0,0.00076994166,False
401,27,0,0.0019780018,False
401,28,0,0.0016522643,False
401,29,0,0.0006377447,False
401,30,0,2.8618253e-05,False
401,31,0,0.0001073768,False
1049,0,0,0.27845883,True
1049,1,1,0.08422776,True
1049,2,0,0.06606732,False
1049,3,0,0.039269794,False
1049,4,0,0.09263123,True
1049,5,0,0.07455605,False
1049,6,0,0.059565354,False
1049,7,0,0.071329355,False
1049,8,0,0.06170019,False
1049,9,0,0.09057503,True
1049,10,0,0.06783971,False
1049,11,0,0.08363272,True
1049,12,0,0.11074552,True
1049,13,0,0.31080326,True
101,0,0,0.31464386,True
101,1,0,0.038201343,False
101,2,0,0.17053771,True
101,3,0,0.0001230015,False
101,4,0,0.006538326,False
101,5,1,0.0014990019,False
101,6,0,0.0058800066,False
101,7,0,0.0054686624,False
101,8,0,0.010556408,False
101,9,0,0.060473673,False
101,10,0,0.35896945,True
101,11,0,0.018300382,False
101,12,0,0.00049852184,False
101,13,0,0.0011408406,False
872,0,0,0.19902678,True
872,1,0,0.05493401,False
872,2,0,0.106369086,True
872,3,0,0.078460455,False
872,4,0,0.044882387,False
872,5,0,0.008708798,False
872,6,0,0.03206387,False
872,7,0,0.06582275,False
872,8,0,0.07135242,False
872,9,1,0.48348606,True
872,10,0,0.06243297,False
872,11,0,0.011912024,False
746,0,0,0.33883262,True
746,1,0,0.27902448,True
746,2,0,0.010066033,False
746,3,0,0.006783626,False
746,4,0,0.0007170188,False
746,5,1,0.27266294,True
746,6,0,0.02397398,False
746,7,0,0.24321441,True
746,8,0,0.14387818,True
746,9,0,0.029144319,False
746,10,0,0.21430525,True
746,11,0,0.14027682,True
746,12,0,0.050773755,False
746,13,0,0.00095226703,False
746,14,0,1.8035696e-05,False
746,15,0,0.003280347,False
746,16,0,0.0043097865,False
746,17,0,4.4162105e-05,False
62,0,0,0.0016956271,False
62,1,0,0.30167747,True
62,2,0,0.018190213,False
62,3,0,0.4407765,True
62,4,0,0.0004839307,False
62,5,0,0.034224957,False
62,6,0,0.013720255,False
62,7,0,0.05176632,False
62,8,0,0.010128547,False
62,9,0,0.014769906,False
62,10,1,0.88712907,True
62,11,0,0.0019938652,False
62,12,0,0.0051394063,False
1084,0,0,0.47106358,True
1084,1,0,0.05712454,False
1084,2,0,0.06362187,False
1084,3,0,0.00381964,False
1084,4,0,0.00357541,False
1084,5,1,0.45863748,True
1084,6,0,0.04146091,False
1084,7,0,0.007657837,False
1084,8,0,0.0058611133,False
1084,9,0,0.025464112,False
1084,10,0,0.020905335,False
1084,11,0,0.011622925,False
1084,12,0,0.014086158,False
1084,13,0,0.120561495,True
1084,14,0,0.020488601,False
1084,15,0,0.0073774583,False
1084,16,0,0.004866637,False
1084,17,0,0.07280421,False
63,0,0,0.01198055,False
63,1,0,0.27153873,True
63,2,0,0.00036411834,False
63,3,0,0.05208078,False
63,4,1,0.014189977,False
63,5,0,0.028172852,False
63,6,0,0.0996363,True
63,7,0,0.11313616,True
63,8,0,0.04828008,False
63,9,0,0.00044946364,False
63,10,0,0.0640982,False
63,11,0,0.07009389,False
63,12,0,0.016864376,False
941,0,0,0.122209944,True
941,1,0,0.15162826,True
941,2,0,0.25081366,True
941,3,0,0.14941454,True
941,4,1,0.05314087,False
941,5,0,0.044391565,False
941,6,0,0.024077266,False
941,7,0,0.079563536,True
941,8,0,0.07854551,False
941,9,0,0.19377641,True
941,10,0,0.28244826,True
941,11,0,0.00043138122,False
198,0,0,0.015391052,False
198,1,0,0.049320094,False
198,2,0,0.014662133,False
198,3,0,0.0147038335,False
198,4,0,0.36605737,True
198,5,0,0.0002446698,False
198,6,0,0.0051489696,False
198,7,1,0.62907,True
198,8,0,0.0006712152,False
198,9,0,0.001447153,False
198,10,0,0.00059905753,False
198,11,0,2.4888259e-06,False
198,12,0,0.0015324493,False
198,13,0,0.0073416373,False
198,14,0,0.006290099,False
198,15,0,0.000799007,False
198,16,0,1.6175962e-05,False
797,0,0,0.010478257,False
797,1,1,0.56416327,True
797,2,0,8.479147e-05,False
797,3,0,0.007827304,False
797,4,0,0.013289766,False
797,5,0,0.011205154,False
797,6,0,0.009040587,False
797,7,0,0.00024499334,False
797,8,0,0.12807065,True
797,9,0,0.005200122,False
797,10,0,0.028797787,False
797,11,0,0.055492636,False
797,12,0,0.024742529,False
797,13,0,0.036486432,False
797,14,0,0.07372023,False
797,15,0,0.013899426,False
797,16,0,0.037469056,False
797,17,0,0.0014041114,False
797,18,0,0.01432655,False
797,19,0,0.0033383695,False
770,0,0,0.016212255,False
770,1,1,0.61106676,True
770,2,0,0.0040045967,False
770,3,0,0.34646988,True
770,4,0,0.00021904508,False
770,5,0,0.10072638,True
770,6,0,0.00546832,False
770,7,0,0.031206401,False
770,8,0,0.0009398789,False
770,9,0,0.0014021886,False
770,10,0,0.022753991,False
770,11,0,0.02190084,False
770,12,0,0.023701,False
770,13,0,0.0023778125,False
144,0,1,0.30168337,True
144,1,0,0.013828178,False
144,2,0,0.018344386,False
144,3,0,0.018465834,False
144,4,0,0.007744818,False
144,5,0,0.16004674,True
144,6,0,0.086234026,True
144,7,0,0.26213387,True
144,8,0,0.0015777398,False
144,9,1,0.14973466,True
144,10,0,0.011092578,False
144,11,0,0.028420335,False
262,0,0,0.14065908,True
262,1,0,0.44026268,True
262,2,0,0.02799706,False
262,3,0,0.021448681,False
262,4,0,0.11295957,True
262,5,0,0.08042547,True
262,6,0,0.024659447,False
262,7,0,0.017332112,False
262,8,1,0.5080575,True
262,9,0,0.22398287,True
271,0,1,0.60226214,True
271,1,0,0.06552638,False
271,2,0,0.2557315,True
271,3,0,0.085088,True
271,4,0,0.1387151,True
271,5,0,0.22799864,True
271,6,0,0.020381622,False
271,7,0,0.029944558,False
271,8,0,0.054673616,False
271,9,0,0.014745612,False
271,10,0,0.0458209,False
271,11,0,0.011212764,False
436,0,1,0.44241884,True
436,1,0,0.017065214,False
436,2,0,0.5809092,True
436,3,0,0.0008107995,False
436,4,1,0.027610773,False
436,5,1,0.06770594,False
436,6,0,0.0717183,False
436,7,0,0.015043421,False
436,8,0,0.021100886,False
436,9,0,0.013769232,False
436,10,0,0.0058854246,False
436,11,0,0.008488229,False
436,12,0,0.012334624,False
436,13,0,0.6225813,True
487,0,0,0.1878173,True
487,1,0,0.06477953,False
487,2,0,0.07801745,False
487,3,0,0.16538776,True
487,4,0,0.1105028,True
487,5,0,0.0199776,False
487,6,0,0.12118517,True
487,7,0,0.16226223,True
487,8,0,0.05611411,False
487,9,1,0.2452819,True
487,10,0,0.00038311534,False
487,11,0,0.1181376,True
877,0,0,0.5066042,True
877,1,0,0.02020898,False
877,2,0,0.028661681,False
877,3,0,0.04533845,False
877,4,0,0.008159066,False
877,5,0,0.0051736473,False
877,6,0,0.09080536,True
877,7,0,0.025734717,False
877,8,0,0.021828262,False
877,9,0,0.03507858,False
877,10,0,0.014089859,False
877,11,0,0.035253394,False
877,12,1,0.36344355,True
804,0,0,0.020888634,False
804,1,1,0.7784864,True
804,2,0,5.6290348e-05,False
804,3,0,0.0012900063,False
804,4,0,0.5461143,True
804,5,0,0.030647743,False
804,6,0,0.16335168,True
804,7,0,0.014566362,False
804,8,0,0.0010900124,False
804,9,0,0.30088085,True
804,10,0,0.00035513192,False
804,11,0,0.00256114,False
804,12,0,0.004074224,False
804,13,0,0.0028952442,False
804,14,0,0.002496982,False
804,15,0,6.128741e-05,False
804,16,0,0.0005076893,False
804,17,0,0.0056901462,False
804,18,0,0.0062975455,False
804,19,0,0.00059028383,False
804,20,0,0.0008544164,False
1120,0,0,0.16088378,True
1120,1,0,0.18251935,True
1120,2,0,0.020903818,False
1120,3,0,0.0023878068,False
1120,4,0,0.0011898092,False
1120,5,0,0.018096158,False
1120,6,0,0.062653475,False
1120,7,0,0.0059854006,False
1120,8,0,0.005044744,False
1120,9,0,2.8923407e-05,False
1120,10,0,0.0012251252,False
1120,11,0,0.006255563,False
1120,12,0,0.005115243,False
1120,13,0,0.0026887408,False
1120,14,0,0.011591766,False
1120,15,1,0.5433108,True
1120,16,0,8.634479e-05,False
1120,17,0,0.004051039,False
1120,18,0,0.0023066534,False
1120,19,0,0.0025318216,False
1120,20,0,0.0026988946,False
329,0,0,0.17809658,True
329,1,0,0.009834674,False
329,2,0,0.004671459,False
329,3,0,0.053642742,False
329,4,0,0.07869758,False
329,5,0,0.035055157,False
329,6,0,0.013251156,False
329,7,0,0.007746053,False
329,8,0,0.19477524,True
329,9,0,0.12152536,True
329,10,0,0.052356318,False
329,11,1,0.27654025,True
329,12,0,0.09525798,True
255,0,0,0.009331099,False
255,1,0,0.51966757,True
255,2,0,0.0002004629,False
255,3,0,0.008294896,False
255,4,0,0.0069759935,False
255,5,0,0.0129664,False
255,6,0,0.041854214,False
255,7,0,0.01549717,False
255,8,0,0.009858343,False
255,9,0,0.26010576,True
255,10,1,0.1558458,True
255,11,0,0.040181786,False
255,12,0,0.028325656,False
255,13,0,0.008208793,False
481,0,0,0.000105928084,False
481,1,0,0.29070306,True
481,2,0,0.0012397546,False
481,3,0,0.19644146,True
481,4,0,0.0001342832,False
481,5,0,0.005200114,False
481,6,0,0.023531998,False
481,7,0,0.0096762,False
481,8,0,0.021126907,False
481,9,0,8.866541e-06,False
481,10,0,0.0016902392,False
481,11,0,0.050283033,False
481,12,0,0.0025129642,False
481,13,0,0.043628566,False
481,14,0,0.13764387,True
481,15,0,0.00026927883,False
481,16,0,0.0013693593,False
481,17,1,0.27807266,True
481,18,0,0.00021221975,False
340,0,1,0.64794797,True
340,1,0,0.044914063,False
340,2,0,0.21271214,True
340,3,0,0.0059851594,False
340,4,0,0.050880868,False
340,5,0,0.011787575,False
340,6,0,0.02767854,False
340,7,0,0.064199686,False
340,8,1,0.07216914,False
340,9,0,0.09483892,True
340,10,0,0.014665556,False
1030,0,0,0.11688049,True
1030,1,0,0.54662955,True
1030,2,0,0.0011577471,False
1030,3,0,0.032499537,False
1030,4,0,0.025306435,False
1030,5,0,0.057194322,False
1030,6,0,0.06910187,False
1030,7,0,0.076152354,False
1030,8,0,0.060320284,False
1030,9,0,0.10897321,True
1030,10,0,0.07349956,False
1030,11,0,0.077332795,False
1030,12,1,0.025139546,False
929,0,0,0.0033382964,False
929,1,0,0.25973153,True
929,2,0,0.0017621322,False
929,3,0,0.0053219823,False
929,4,0,0.10754187,True
929,5,0,0.09041657,True
929,6,0,0.025693202,False
929,7,0,0.0041442476,False
929,8,0,0.0014307745,False
929,9,0,0.02139147,False
929,10,0,0.019080015,False
929,11,0,0.1818415,True
929,12,0,0.019622097,False
929,13,1,0.31622854,True
929,14,0,0.0032767288,False
599,0,1,0.44891965,True
599,1,0,0.0020866157,False
599,2,0,0.05682826,False
599,3,1,0.19403505,True
599,4,0,0.0076020663,False
599,5,0,0.0328176,False
599,6,0,0.15001762,True
599,7,0,0.15794009,True
599,8,0,0.11774871,True
599,9,0,0.048819445,False
599,10,0,0.10184223,True
599,11,0,0.077247605,False
599,12,0,0.1435452,True
599,13,0,0.12809882,True
599,14,0,0.005528321,False
869,0,0,0.0066580386,False
869,1,0,0.01376226,False
869,2,1,0.7169411,True
869,3,0,6.988589e-05,False
869,4,0,0.0017896609,False
869,5,0,0.29592866,True
869,6,0,0.014898978,False
869,7,0,0.022814976,False
869,8,0,0.004543708,False
869,9,0,0.0007763773,False
869,10,0,0.071191184,False
869,11,0,9.6510725e-05,False
869,12,0,0.0006829912,False
869,13,0,0.0017746675,False
869,14,0,0.0017002157,False
869,15,0,0.0004266912,False
869,16,0,3.991401e-05,False
869,17,0,0.000287082,False
869,18,0,0.0015152639,False
869,19,0,0.018569605,False
869,20,0,0.000539512,False
869,21,0,0.00023201911,False
662,0,0,0.30014732,True
662,1,0,0.03426017,False
662,2,0,0.058537968,False
662,3,0,0.6021444,True
662,4,0,0.005642007,False
662,5,0,0.031289022,False
662,6,0,0.010375424,False
662,7,0,0.008447641,False
662,8,0,0.033468027,False
662,9,0,0.05832943,False
662,10,1,0.08572833,True
662,11,0,0.052276507,False
662,12,0,0.024473136,False
662,13,0,0.022985604,False
662,14,1,0.15497145,True
566,0,1,0.19343758,True
566,1,0,0.021983746,False
566,2,0,0.038774822,False
566,3,0,0.10324701,True
566,4,0,0.14747763,True
566,5,0,0.15199499,True
566,6,0,0.16898626,True
566,7,0,0.13264808,True
566,8,0,0.1321859,True
566,9,0,0.11728681,True
566,10,0,0.03305433,False
849,0,0,0.14930065,True
849,1,0,0.0068131434,False
849,2,0,0.010186467,False
849,3,0,0.029109063,False
849,4,0,0.019773543,False
849,5,0,0.019642267,False
849,6,0,0.1195697,True
849,7,0,0.019745935,False
849,8,0,0.00751003,False
849,9,0,0.4648788,True
849,10,0,0.00018941701,False
849,11,0,0.14799897,True
849,12,0,0.004292306,False
849,13,1,0.06949085,False
993,0,0,0.3498001,True
993,1,0,0.015431303,False
993,2,0,0.012186013,False
993,3,0,0.032192044,False
993,4,0,0.02565433,False
993,5,0,0.040429156,False
993,6,0,0.030514618,False
993,7,0,0.0058206078,False
993,8,0,0.34621093,True
993,9,0,0.0046014553,False
993,10,1,0.58611876,True
993,11,0,0.0005164394,False
993,12,0,0.008656158,False
993,13,0,0.042355515,False
993,14,0,0.025198061,False
469,0,0,0.086470336,True
469,1,0,0.0727485,False
469,2,0,0.07177657,False
469,3,0,0.027431583,False
469,4,0,0.029738491,False
469,5,0,0.113216534,True
469,6,0,0.020954637,False
469,7,0,0.06039728,False
469,8,0,0.044270657,False
469,9,0,0.09508296,True
469,10,0,0.00034516814,False
469,11,0,0.022572057,False
469,12,1,0.16111155,True
469,13,0,0.066826746,False
66,0,0,0.008033103,False
66,1,1,0.31000632,True
66,2,0,0.018153893,False
66,3,0,0.28982314,True
66,4,0,0.00018570977,False
66,5,0,0.0038582503,False
66,6,0,0.0029683276,False
66,7,0,0.049944267,False
66,8,0,0.014896599,False
66,9,0,0.0048847566,False
66,10,0,0.085509114,True
66,11,0,0.0010284715,False
66,12,0,0.10962607,True
66,13,0,0.0029177358,False
684,0,0,0.0154392235,False
684,1,0,0.008918251,False
684,2,0,0.015824843,False
684,3,1,0.8488863,True
684,4,0,0.00022710528,False
684,5,0,0.0133860335,False
684,6,0,0.05367559,False
684,7,0,0.020907402,False
684,8,0,0.01658613,False
684,9,0,0.022280157,False
684,10,0,0.0035038097,False
684,11,0,0.0031435455,False
684,12,0,0.020859294,False
684,13,0,0.00011110453,False
684,14,0,0.031193653,False
786,0,0,0.17409684,True
786,1,0,0.26859653,True
786,2,0,0.0024517179,False
786,3,0,0.046677798,False
786,4,0,0.02726637,False
786,5,0,0.023389187,False
786,6,0,0.07545745,False
786,7,0,0.046721205,False
786,8,0,0.028245838,False
786,9,0,4.2515414e-05,False
786,10,0,0.044509046,False
786,11,0,0.011941481,False
786,12,0,4.875604e-05,False
786,13,0,0.010114912,False
786,14,1,0.5376864,True
786,15,0,0.09049715,True
786,16,0,3.7721897e-05,False
807,0,0,0.03608313,False
807,1,0,0.046637956,False
807,2,0,0.011363145,False
807,3,0,0.155266,True
807,4,0,0.041481912,False
807,5,0,0.5517145,True
807,6,0,0.0014866366,False
807,7,0,0.009737102,False
807,8,0,0.021437876,False
807,9,0,0.05669492,False
807,10,1,0.11250282,True
807,11,0,0.055100866,False
807,12,0,0.029922634,False
455,0,0,0.48220333,True
455,1,1,0.4173984,True
455,2,0,0.059282463,False
455,3,0,0.07573556,False
455,4,0,0.08649856,True
455,5,0,0.078938864,True
455,6,0,0.11169807,True
455,7,0,0.055709574,False
455,8,0,0.08220272,True
455,9,0,0.043079574,False
455,10,0,0.067094736,False
900,0,1,0.40825403,True
900,1,0,0.011896981,False
900,2,0,0.015393337,False
900,3,0,0.072413646,False
900,4,0,0.055192813,False
900,5,0,0.05954809,False
900,6,0,0.026777316,False
900,7,0,0.011598111,False
900,8,0,0.10300544,True
900,9,0,0.019638183,False
900,10,0,0.004354668,False
900,11,0,0.25465086,True
900,12,0,0.048065238,False
613,0,1,0.55792415,True
613,1,0,0.021037174,False
613,2,0,0.014575735,False
613,3,0,0.046580404,False
613,4,0,0.036817145,False
613,5,0,0.043137573,False
613,6,0,0.047007866,False
613,7,0,0.09447773,True
613,8,0,0.0003285689,False
613,9,0,0.0076065427,False
613,10,0,0.3361282,True
613,11,0,0.070877485,False
613,12,0,0.01912829,False
613,13,0,0.04045268,False
613,14,0,0.036458876,False
1144,0,0,0.42250913,True
1144,1,0,0.03393883,False
1144,2,0,0.31081527,True
1144,3,0,0.00022723264,False
1144,4,0,0.013672112,False
1144,5,0,0.012834613,False
1144,6,0,0.0072412565,False
1144,7,0,0.059201993,False
1144,8,0,0.00012358428,False
1144,9,0,0.042878218,False
1144,10,0,0.0075933402,False
1144,11,0,0.0061604935,False
1144,12,0,0.0014679667,False
1144,13,0,0.012321938,False
1144,14,0,0.00825067,False
1144,15,0,0.0013190849,False
1144,16,0,0.0029647339,False
1144,17,0,0.10231559,True
1144,18,1,0.003989189,False
1144,19,0,0.0009867676,False
1205,0,1,0.16437988,True
1205,1,0,0.15611558,True
1205,2,0,0.1558897,True
1205,3,0,0.060412396,False
1205,4,0,0.15503065,True
1205,5,0,0.33637348,True
1205,6,0,0.19097829,True
1205,7,0,0.061928116,False
1205,8,0,0.023275185,False
1205,9,0,0.06631363,False
1205,10,0,0.070384726,False
1205,11,0,0.053052805,False
1205,12,0,0.017508367,False
1205,13,0,0.014749089,False
571,0,1,0.63002664,True
571,1,0,0.09635908,True
571,2,0,0.17248873,True
571,3,0,0.06696889,False
571,4,0,0.046888795,False
571,5,0,0.061847083,False
571,6,0,0.067688644,False
571,7,0,0.10020656,True
571,8,0,0.0199615,False
571,9,0,0.018792167,False
571,10,0,0.018958505,False
571,11,0,0.048546944,False
1023,0,0,0.3708255,True
1023,1,0,0.028572647,False
1023,2,0,0.025738424,False
1023,3,0,0.018237714,False
1023,4,0,0.004415529,False
1023,5,0,0.5265758,True
1023,6,1,0.52240014,True
1023,7,0,0.012869537,False
1023,8,0,0.02356874,False
1023,9,0,0.04293999,False
1023,10,0,0.048867542,False
1023,11,0,0.028121399,False
1023,12,0,0.02610074,False
1023,13,0,0.029826883,False
1023,14,0,0.03179207,False
830,0,0,0.003463927,False
830,1,1,0.64970815,True
830,2,0,0.0056718923,False
830,3,0,0.5281177,True
830,4,0,0.00051070924,False
830,5,0,0.060530897,False
830,6,0,0.01811943,False
830,7,0,0.016444666,False
830,8,0,0.00077599863,False
830,9,0,0.0016560117,False
830,10,0,0.014019219,False
830,11,0,0.011736313,False
830,12,0,0.3185807,True
830,13,0,0.009525512,False
830,14,0,0.0039547165,False
573,0,0,0.56731695,True
573,1,0,0.18196644,True
573,2,0,0.07195722,False
573,3,0,0.09214938,True
573,4,0,0.04957174,False
573,5,0,0.02111866,False
573,6,0,0.014268152,False
573,7,0,0.0120640565,False
573,8,0,0.010422828,False
573,9,1,0.2727553,True
573,10,0,0.1080837,True
573,11,0,0.01207751,False
573,12,0,0.05608123,False
1169,0,0,2.8414972e-05,False
1169,1,1,0.6626643,True
1169,2,0,0.0076117534,False
1169,3,0,0.00042409106,False
1169,4,0,0.0016603335,False
1169,5,0,0.032056913,False
1169,6,0,0.0011847584,False
1169,7,0,0.20532261,True
1169,8,0,0.0005671981,False
1169,9,0,0.0009612652,False
1169,10,0,0.01657268,False
1169,11,0,0.057076868,False
1169,12,0,0.006109587,False
1169,13,0,0.005506422,False
1169,14,0,0.0053245802,False
1169,15,0,0.0006771932,False
1169,16,0,0.00084677024,False
1169,17,0,0.044502445,False
1169,18,0,0.00018867635,False
1169,19,0,0.00940407,False
865,0,0,0.026097959,False
865,1,1,0.67844754,True
865,2,0,0.0007576333,False
865,3,0,0.009379866,False
865,4,0,0.5423231,True
865,5,0,7.826582e-05,False
865,6,0,0.0041763284,False
865,7,0,0.18509345,True
865,8,0,0.00656721,False
865,9,0,0.10314938,True
865,10,0,0.022470137,False
865,11,0,0.0010401035,False
865,12,0,0.004186323,False
865,13,0,0.01438878,False
865,14,0,0.0072351503,False
865,15,0,0.0030151787,False
865,16,0,0.068549566,False
865,17,0,5.4081956e-05,False
865,18,0,0.025538417,False
718,0,0,0.0038768454,False
718,1,1,0.2947424,True
718,2,0,8.983066e-05,False
718,3,0,0.0024020083,False
718,4,0,0.031414386,False
718,5,0,0.0012106375,False
718,6,0,0.14440133,True
718,7,0,0.0054590413,False
718,8,0,0.004054771,False
718,9,0,0.0067279586,False
718,10,0,0.21510985,True
718,11,0,0.006448976,False
718,12,0,0.006337306,False
718,13,0,0.012244458,False
718,14,0,0.17577805,True
718,15,0,0.026797421,False
718,16,0,0.000109589535,False
718,17,0,0.03528669,False
507,0,0,0.00032276558,False
507,1,1,0.9784968,True
507,2,0,0.2611516,True
507,3,0,0.017928524,False
507,4,0,0.004302884,False
507,5,0,0.00018417295,False
507,6,0,0.00037974154,False
507,7,0,0.0025990584,False
507,8,0,0.00037706975,False
507,9,0,0.0001750632,False
507,10,0,0.0025025085,False
507,11,0,0.00018215127,False
507,12,0,0.00018411642,False
507,13,0,0.009706551,False
507,14,0,0.005886331,False
507,15,0,0.00035384484,False
507,16,0,0.0054780766,False
507,17,0,0.0048268735,False
507,18,0,0.00042981235,False
507,19,0,0.001550049,False
507,20,0,0.00049464876,False
507,21,0,0.00010600498,False
507,22,0,0.0017129235,False
507,23,0,0.00019510386,False
507,24,0,0.0003589607,False
507,25,0,0.00020547089,False
234,0,0,0.6111636,True
234,1,0,0.015862003,False
234,2,0,0.1734361,True
234,3,0,0.00050555874,False
234,4,0,0.005051227,False
234,5,0,0.006298462,False
234,6,0,0.0036387723,False
234,7,0,0.0063096574,False
234,8,0,0.054952137,False
234,9,1,0.35010102,True
234,10,0,0.43747243,True
234,11,0,0.0066588717,False
234,12,0,0.007438509,False
1045,0,0,0.2564373,True
1045,1,0,0.04755516,False
1045,2,0,0.041261073,False
1045,3,0,0.03620243,False
1045,4,0,0.079049625,True
1045,5,0,0.059426833,False
1045,6,0,0.13702098,True
1045,7,0,0.05949106,False
1045,8,0,0.05308379,False
1045,9,1,0.09480789,True
1045,10,0,0.053832166,False
1045,11,0,0.055012587,False
1045,12,0,0.037342258,False
1045,13,0,0.048745003,False
150,0,0,0.012889526,False
150,1,0,0.03134633,False
150,2,0,0.012210484,False
150,3,0,0.012318538,False
150,4,0,0.050389353,False
150,5,0,0.08558103,True
150,6,1,0.061954252,False
150,7,0,0.00023646271,False
150,8,0,0.49718624,True
150,9,1,0.83128524,True
150,10,1,0.37806755,True
150,11,0,0.107101396,True
150,12,0,0.07586533,False
288,0,0,0.1263761,True
288,1,0,0.12688473,True
288,2,0,0.08257901,True
288,3,0,0.18049398,True
288,4,0,0.0091403695,False
288,5,1,0.0020658642,False
288,6,0,0.014510329,False
288,7,0,0.06962836,False
288,8,0,0.009143903,False
288,9,0,0.01607437,False
288,10,0,0.077344194,False
288,11,0,0.02206374,False
288,12,0,0.010683225,False
288,13,0,0.008463775,False
182,0,1,0.31462973,True
182,1,0,0.033547524,False
182,2,0,0.013039261,False
182,3,0,0.013672555,False
182,4,0,0.008081202,False
182,5,0,0.003897141,False
182,6,0,0.10391302,True
182,7,0,0.039689943,False
182,8,0,0.14560652,True
182,9,0,0.04258796,False
182,10,0,0.016863575,False
182,11,0,0.0060432525,False
182,12,0,0.009888718,False
182,13,0,0.22204578,True
182,14,0,0.015675114,False
182,15,0,0.18379441,True
10,0,1,0.056111824,False
10,1,0,0.077567205,False
10,2,0,0.17165692,True
10,3,0,0.17203768,True
10,4,0,0.04143427,False
10,5,0,0.03835895,False
10,6,0,0.12339064,True
10,7,0,0.11651738,True
10,8,0,0.107149474,True
10,9,0,0.038885083,False
10,10,0,0.10219729,True
10,11,0,0.00031610762,False
10,12,1,0.055304337,False
298,0,0,0.047266062,False
298,1,0,0.0042665727,False
298,2,0,0.0024361499,False
298,3,0,0.009951981,False
298,4,0,0.008436471,False
298,5,0,0.0014318969,False
298,6,0,0.0029252337,False
298,7,0,0.00929227,False
298,8,0,0.012847524,False
298,9,0,0.001068465,False
298,10,1,0.23194751,True
298,11,0,0.006684604,False
298,12,0,0.12727433,True
298,13,0,0.13765666,True
298,14,0,0.22153184,True
298,15,0,0.15324485,True
298,16,0,0.24247634,True
298,17,0,0.055242836,False
298,18,0,0.10689999,True
452,0,0,0.1624215,True
452,1,0,0.045735985,False
452,2,0,0.055124644,False
452,3,0,0.11370723,True
452,4,0,0.09707163,True
452,5,0,0.060639568,False
452,6,0,0.045525268,False
452,7,0,0.18680489,True
452,8,0,0.13966665,True
452,9,1,0.6714495,True
452,10,1,0.5537406,True
1128,0,0,0.28434458,True
1128,1,0,0.011576867,False
1128,2,0,0.01059175,False
1128,3,0,0.013574365,False
1128,4,1,0.56772447,True
1128,5,0,0.11338331,True
1128,6,0,0.0067764428,False
1128,7,0,0.053384773,False
1128,8,0,0.09524054,True
1128,9,0,0.062221766,False
1128,10,0,0.09012955,True
1128,11,0,0.049019028,False
1128,12,0,0.01990264,False
652,0,0,0.019461302,False
652,1,0,0.04941491,False
652,2,0,0.0038619945,False
652,3,0,0.3748539,True
652,4,0,0.0076029943,False
652,5,0,0.009842567,False
652,6,0,0.01771775,False
652,7,0,0.0020512843,False
652,8,0,0.00014551985,False
652,9,0,0.009119934,False
652,10,0,0.0010013398,False
652,11,0,0.01569268,False
652,12,1,0.2986352,True
652,13,0,4.5272536e-05,False
652,14,0,0.003174748,False
652,15,0,0.086678974,True
652,16,0,0.15093037,True
652,17,0,0.0001164145,False
652,18,0,0.036987916,False
130,0,0,0.27895132,True
130,1,0,0.013096503,False
130,2,0,0.018694306,False
130,3,0,0.015635634,False
130,4,1,0.18794665,True
130,5,0,0.01280203,False
130,6,1,0.7867429,True
130,7,0,0.0012901913,False
130,8,0,0.011187353,False
130,9,0,0.014361659,False
130,10,0,0.20577243,True
465,0,0,0.13683762,True
465,1,0,0.1953219,True
465,2,0,0.16042401,True
465,3,0,0.23986204,True
465,4,0,0.16918492,True
465,5,0,0.01846329,False
465,6,0,0.19116634,True
465,7,0,0.005127128,False
465,8,0,0.0066404645,False
465,9,0,0.10305353,True
465,10,0,0.045391172,False
465,11,1,0.25345662,True
465,12,0,0.1794792,True
499,0,0,0.015506377,False
499,1,0,0.00450568,False
499,2,1,0.36390874,True
499,3,0,0.006463355,False
499,4,0,0.2839641,True
499,5,0,0.0023489,False
499,6,0,0.27627128,True
499,7,0,0.011756383,False
499,8,0,0.19186817,True
499,9,0,0.0038323125,False
499,10,0,0.0016399254,False
499,11,0,0.28930095,True
499,12,0,0.022916576,False
1079,0,1,0.03547732,False
1079,1,0,0.471675,True
1079,2,0,5.8836446e-05,False
1079,3,0,0.005424257,False
1079,4,0,0.0025830544,False
1079,5,0,0.018876025,False
1079,6,0,0.030343775,False
1079,7,0,0.064018436,False
1079,8,0,0.03464181,False
1079,9,0,0.011910548,False
1079,10,0,0.014826195,False
1079,11,0,0.015957212,False
1079,12,0,0.04748933,False
1079,13,0,0.009302113,False
1079,14,0,0.009391295,False
1079,15,0,0.0059423284,False
1079,16,0,7.3379786e-05,False
1044,0,0,0.17373504,True
1044,1,1,0.0766829,False
1044,2,0,0.0595412,False
1044,3,0,0.07105615,False
1044,4,0,0.12756051,True
1044,5,0,0.29084936,True
1044,6,0,0.058887206,False
1044,7,0,0.07788784,False
1044,8,0,0.06736461,False
1044,9,0,0.061744038,False
1044,10,0,0.0792117,True
1044,11,0,0.10345556,True
1044,12,0,0.08340577,True
1044,13,0,0.060130183,False
836,0,0,0.43595782,True
836,1,1,0.04582488,False
836,2,0,0.032446712,False
836,3,0,0.026280887,False
836,4,0,0.03285835,False
836,5,0,0.037456375,False
836,6,0,0.006829286,False
836,7,0,0.0018407659,False
836,8,0,0.13903108,True
836,9,0,0.04790535,False
836,10,0,0.021506364,False
836,11,0,0.067355536,False
836,12,0,0.07358744,False
836,13,0,0.030804778,False
836,14,0,0.046029054,False
1005,0,0,0.12716906,True
1005,1,0,0.033179197,False
1005,2,0,0.016716551,False
1005,3,0,0.084046446,True
1005,4,0,0.06734064,False
1005,5,0,0.032619942,False
1005,6,0,0.009713283,False
1005,7,0,0.025400069,False
1005,8,0,0.0312208,False
1005,9,0,0.093864486,True
1005,10,0,0.120274834,True
1005,11,0,0.15903984,True
1005,12,1,0.5108894,True
1005,13,0,0.11906939,True
1005,14,0,0.086513646,True
93,0,0,0.42061013,True
93,1,0,0.01409153,False
93,2,0,0.017995376,False
93,3,0,0.008464344,False
93,4,0,0.0006868901,False
93,5,0,0.008164589,False
93,6,1,0.046849675,False
93,7,0,0.023931464,False
93,8,0,0.1135094,True
93,9,0,0.00028539248,False
93,10,0,0.06790664,False
93,11,0,7.2210874e-05,False
93,12,0,5.8440405e-06,False
93,13,0,0.008436515,False
93,14,0,0.0147330975,False
93,15,0,0.3302538,True
1064,0,0,0.49180722,True
1064,1,0,0.019114787,False
1064,2,0,0.0013650936,False
1064,3,0,0.07208016,False
1064,4,0,0.0013680707,False
1064,5,0,0.004269501,False
1064,6,0,0.008601687,False
1064,7,0,0.13252458,True
1064,8,0,0.00042345843,False
1064,9,0,0.1115922,True
1064,10,0,0.006959345,False
1064,11,0,0.0140248425,False
1064,12,1,0.59505296,True
1064,13,0,0.014245596,False
1064,14,0,0.005744658,False
1064,15,0,0.031665403,False
1064,16,0,0.031058244,False
1064,17,0,0.034371227,False
1064,18,0,0.015792957,False
1064,19,0,0.0008653851,False
1064,20,0,0.0001037482,False
1179,0,0,0.15680203,True
1179,1,0,0.10400016,True
1179,2,0,0.049012803,False
1179,3,0,0.0123302685,False
1179,4,0,0.085862905,True
1179,5,0,0.03251959,False
1179,6,0,0.032706276,False
1179,7,0,0.035471115,False
1179,8,0,0.044727523,False
1179,9,0,0.08964279,True
1179,10,0,0.11330556,True
1179,11,1,0.043002605,False
1179,12,0,4.945843e-05,False
1179,13,1,0.05106232,False
1179,14,0,0.05652307,False
1179,15,0,0.022339558,False
151,0,0,0.3573314,True
151,1,0,0.011550275,False
151,2,0,0.009928667,False
151,3,0,0.016948853,False
151,4,0,0.005668005,False
151,5,0,0.0046450193,False
151,6,0,0.044877242,False
151,7,1,0.94686145,True
151,8,0,0.0005962612,False
151,9,0,0.003984311,False
151,10,0,0.0077635916,False
151,11,0,0.0030193713,False
151,12,0,0.15999243,True
474,0,0,0.10223919,True
474,1,0,0.041037574,False
474,2,0,0.048942983,False
474,3,0,0.01635103,False
474,4,0,0.043923836,False
474,5,0,0.01193469,False
474,6,1,0.21666849,True
474,7,0,0.0006225111,False
474,8,0,0.0013935965,False
474,9,0,0.010855123,False
474,10,0,0.014927455,False
474,11,0,0.0073789917,False
474,12,0,0.18763751,True
474,13,0,0.0018790917,False
474,14,0,0.001015406,False
474,15,0,0.015394694,False
9,0,0,0.6078136,True
9,1,0,0.08420559,True
9,2,0,0.061720617,False
9,3,0,0.04260215,False
9,4,0,0.014182129,False
9,5,1,0.13688539,True
9,6,0,0.020498715,False
9,7,0,0.03812639,False
9,8,0,0.018825868,False
9,9,0,0.112501495,True
9,10,0,0.10270344,True
9,11,0,0.09054345,True
9,12,0,0.07068878,False
498,0,0,0.01475801,False
498,1,0,0.005928163,False
498,2,1,0.49156237,True
498,3,0,0.0149403615,False
498,4,0,0.41799754,True
498,5,0,0.004098913,False
498,6,0,0.006721187,False
498,7,0,0.5179128,True
498,8,0,0.017185412,False
498,9,1,0.37616536,True
498,10,0,0.0018488448,False
498,11,0,0.29583588,True
498,12,0,0.024617437,False
467,0,0,0.002193163,False
467,1,0,0.03585756,False
467,2,0,0.39427865,True
467,3,0,0.17610428,True
467,4,0,0.010646728,False
467,5,0,0.097396225,True
467,6,1,0.40166646,True
467,7,0,0.37730545,True
467,8,0,0.044524398,False
467,9,0,0.05101461,False
467,10,0,0.0070729214,False
467,11,0,0.04972267,False
467,12,0,0.04100843,False
698,0,0,0.011480063,False
698,1,0,0.003930597,False
698,2,1,0.43215734,True
698,3,0,0.025317496,False
698,4,1,0.69244766,True
698,5,0,0.15716307,True
698,6,0,0.0045724357,False
698,7,0,0.0011194492,False
698,8,0,0.059651133,False
698,9,0,0.1883981,True
698,10,0,0.048790902,False
698,11,0,0.0011613158,False
625,0,0,0.0005047589,False
625,1,0,0.017078312,False
625,2,0,0.00062458427,False
625,3,0,0.015768576,False
625,4,0,0.5562201,True
625,5,0,1.1919747e-05,False
625,6,0,0.020311577,False
625,7,0,0.0020915433,False
625,8,0,0.0009458758,False
625,9,0,0.004769259,False
625,10,0,0.0050169826,False
625,11,1,0.84865755,True
625,12,0,0.001319715,False
625,13,0,0.005115566,False
625,14,0,0.0036672766,False
625,15,0,0.00046165384,False
625,16,0,6.663641e-05,False
625,17,0,2.5283776e-05,False
625,18,0,1.1593425e-05,False
625,19,0,0.0007311549,False
1202,0,0,0.024282904,False
1202,1,0,0.01372893,False
1202,2,0,0.00334558,False
1202,3,0,0.0013025563,False
1202,4,1,0.29700178,True
1202,5,0,0.005976813,False
1202,6,0,0.015338614,False
1202,7,0,0.012787906,False
1202,8,0,0.025319882,False
1202,9,0,0.39110532,True
1202,10,1,0.9378055,True
1202,11,0,0.0034242382,False
1202,12,0,0.023711847,False
917,0,0,0.00087554613,False
917,1,0,0.052602112,False
917,2,0,0.065979555,False
917,3,0,0.019780826,False
917,4,0,0.00067353644,False
917,5,0,0.0011667262,False
917,6,0,0.019549588,False
917,7,0,0.01217185,False
917,8,0,0.22200833,True
917,9,0,0.013069678,False
917,10,0,0.0015777122,False
917,11,0,0.04372879,False
917,12,1,0.42327237,True
917,13,0,0.6099415,True
653,0,0,0.009429767,False
653,1,0,0.06972971,False
653,2,0,0.0063354447,False
653,3,0,0.34756616,True
653,4,0,0.019153606,False
653,5,0,0.005719442,False
653,6,0,0.0004440522,False
653,7,0,4.7099526e-05,False
653,8,0,0.025403172,False
653,9,0,0.0009769351,False
653,10,0,6.128717e-05,False
653,11,0,0.0037403835,False
653,12,1,0.281611,True
653,13,0,3.6479374e-05,False
653,14,0,0.0040945066,False
653,15,0,0.062372506,False
653,16,0,0.12874001,True
653,17,0,7.5955446e-05,False
653,18,0,0.024360886,False
868,0,0,0.0010889523,False
868,1,0,0.02373655,False
868,2,0,0.013093853,False
868,3,1,0.567444,True
868,4,0,0.000109040724,False
868,5,0,0.00035279244,False
868,6,0,0.38024953,True
868,7,0,0.006439698,False
868,8,0,0.00097400945,False
868,9,0,0.060761683,False
868,10,0,0.0013425733,False
868,11,0,0.0012758748,False
868,12,0,0.003036615,False
868,13,0,0.0015467339,False
868,14,0,0.0010254913,False
868,15,0,4.734757e-05,False
868,16,0,0.0006531121,False
868,17,0,0.0010883957,False
868,18,0,0.008405522,False
868,19,0,0.0005007455,False
868,20,0,0.002968703,False
68,0,0,0.07400891,False
68,1,0,0.16795398,True
68,2,0,0.0002878996,False
68,3,0,0.009812666,False
68,4,0,0.56476724,True
68,5,0,0.07521702,False
68,6,1,0.9749067,True
68,7,0,0.00037780375,False
68,8,0,0.011856606,False
68,9,0,0.02709741,False
68,10,0,0.07711072,False
68,11,0,0.1202431,True
68,12,0,0.07187517,False
68,13,0,0.018681595,False
1082,0,0,0.05771811,False
1082,1,0,0.015904235,False
1082,2,0,0.011372678,False
1082,3,0,0.028938506,False
1082,4,0,0.003482271,False
1082,5,0,0.49840412,True
1082,6,0,0.010216656,False
1082,7,0,0.008265591,False
1082,8,0,0.05864161,False
1082,9,0,0.11436906,True
1082,10,0,0.12930116,True
1082,11,0,0.016178513,False
1082,12,0,0.04317753,False
1082,13,1,0.019218488,False
1082,14,1,0.061881904,False
1082,15,0,0.018661244,False
1082,16,0,0.011594585,False
1082,17,0,0.01042538,False
513,0,0,0.0007094151,False
513,1,0,0.0679014,False
513,2,1,0.32025018,True
513,3,1,0.1824915,True
513,4,0,0.18042307,True
513,5,0,0.1032064,True
513,6,0,0.0304369,False
513,7,0,0.043431718,False
513,8,1,0.5668287,True
513,9,0,0.06304923,False
513,10,0,0.03881121,False
513,11,0,0.064209454,False
513,12,0,0.06656391,False
252,0,0,0.0021005424,False
252,1,0,0.12717658,True
252,2,0,0.0127552375,False
252,3,0,0.0057661287,False
252,4,0,0.02162977,False
252,5,0,0.007028382,False
252,6,0,0.0054935687,False
252,7,0,0.005586226,False
252,8,0,0.007636922,False
252,9,1,0.3375592,True
252,10,0,0.19024557,True
252,11,1,0.33195645,True
252,12,0,0.07846516,False
252,13,0,0.21693423,True
136,0,0,0.4009617,True
136,1,0,0.030637255,False
136,2,0,0.033011228,False
136,3,0,0.033984408,False
136,4,0,0.02068084,False
136,5,0,0.018644795,False
136,6,0,0.12327526,True
136,7,0,0.21655789,True
136,8,1,0.46169448,True
136,9,0,0.121170804,True
136,10,0,0.014763515,False
136,11,0,0.031652693,False
533,0,1,0.55295986,True
533,1,0,0.053474642,False
533,2,0,0.01734811,False
533,3,0,0.0003521919,False
533,4,0,0.0072200582,False
533,5,0,0.028119387,False
533,6,0,0.045141388,False
533,7,0,0.113908544,True
533,8,0,0.15728176,True
533,9,0,0.1234851,True
533,10,0,0.16023307,True
533,11,0,0.057350405,False
648,0,0,0.003150482,False
648,1,1,0.32944268,True
648,2,0,0.004859144,False
648,3,0,0.0035940192,False
648,4,0,0.05143564,False
648,5,0,0.008412342,False
648,6,0,0.06631469,False
648,7,0,0.0024239465,False
648,8,0,0.0034982616,False
648,9,0,0.0130387945,False
648,10,0,0.20543718,True
648,11,0,0.0001449048,False
648,12,0,4.9378315e-05,False
648,13,0,0.005291594,False
648,14,0,0.007947131,False
648,15,0,0.13468933,True
648,16,0,0.013970226,False
648,17,0,7.305261e-05,False
648,18,0,0.008752824,False
40,0,0,0.27841392,True
40,1,0,0.006334706,False
40,2,0,0.024121223,False
40,3,0,0.0067044185,False
40,4,0,0.007024582,False
40,5,0,0.07299435,False
40,6,1,0.22914295,True
40,7,0,0.0006862005,False
40,8,0,0.046518818,False
40,9,0,0.00022989938,False
40,10,0,0.02711729,False
40,11,0,0.016265707,False
40,12,0,0.009062036,False
40,13,0,0.009534091,False
40,14,0,0.21927942,True
790,0,0,0.00023881705,False
790,1,0,0.14513804,True
790,2,0,0.004177183,False
790,3,0,0.6949472,True
790,4,0,0.006528499,False
790,5,0,0.007715634,False
790,6,0,0.058716767,False
790,7,0,0.0026494937,False
790,8,0,0.0018943596,False
790,9,0,0.026032288,False
790,10,0,0.04593338,False
790,11,0,0.06626344,False
790,12,0,0.0016995999,False
790,13,0,0.24587616,True
790,14,0,0.072062075,False
790,15,1,0.0077561233,False
790,16,0,0.0037178209,False
790,17,0,0.0003791904,False
777,0,0,0.010997175,False
777,1,0,0.0064845146,False
777,2,0,0.008419328,False
777,3,1,0.6785695,True
777,4,0,0.0016456994,False
777,5,0,0.14501372,True
777,6,0,0.00015218633,False
777,7,0,0.003229232,False
777,8,0,0.0032177612,False
777,9,0,0.011834737,False
777,10,0,0.015139116,False
777,11,0,0.16199872,True
777,12,0,0.012828953,False
777,13,0,0.0015914456,False
197,0,0,0.1132501,True
197,1,0,0.102544285,True
197,2,0,0.096841834,True
197,3,0,0.06181216,False
197,4,0,0.0105647845,False
197,5,1,0.48238835,True
197,6,0,5.5404325e-05,False
197,7,0,0.0013156414,False
197,8,0,0.002066,False
197,9,0,6.429171e-05,False
197,10,0,3.859225e-06,False
197,11,0,0.003766575,False
197,12,0,7.261352e-05,False
197,13,0,0.004184757,False
197,14,0,0.04895556,False
197,15,0,1.7477156e-05,False
751,0,0,0.05020631,False
751,1,0,0.003960146,False
751,2,0,0.01432653,False
751,3,0,0.023500323,False
751,4,0,0.0083827125,False
751,5,0,0.002855794,False
751,6,0,0.0035835665,False
751,7,0,0.0062552663,False
751,8,0,0.008943612,False
751,9,0,0.0021876227,False
751,10,1,0.38893515,True
751,11,0,0.027533943,False
751,12,0,0.35256398,True
751,13,0,0.32691097,True
751,14,0,0.05414068,False
751,15,0,0.32009405,True
751,16,0,0.3090383,True
751,17,0,0.052824844,False
596,0,0,0.041306388,False
596,1,0,0.0014774778,False
596,2,0,0.0033843943,False
596,3,0,0.022321435,False
596,4,0,0.004694367,False
596,5,0,0.0030410804,False
596,6,1,0.32074523,True
596,7,0,0.0038771124,False
596,8,0,0.16895603,True
596,9,0,0.00020421503,False
596,10,0,0.0046307663,False
596,11,0,0.0026939604,False
596,12,0,0.014243513,False
596,13,0,0.014983392,False
596,14,0,0.008550975,False
596,15,0,0.008663829,False
596,16,0,0.20740543,True
558,0,1,0.001744526,False
558,1,1,0.059750944,False
558,2,0,0.030574037,False
558,3,0,0.091340646,True
558,4,0,0.020049343,False
558,5,0,0.03447482,False
558,6,1,0.25155228,True
558,7,0,0.016866138,False
558,8,0,0.3556021,True
558,9,0,0.015916143,False
558,10,0,0.009995012,False
558,11,0,0.1162914,True
558,12,0,0.0032304158,False
558,13,0,0.00044549626,False
558,14,0,0.07984224,True
558,15,0,0.004894589,False
169,0,0,0.00013743035,False
169,1,0,0.0504582,False
169,2,0,0.03734824,False
169,3,1,0.019939428,False
169,4,0,0.040647417,False
169,5,0,0.025956003,False
169,6,0,0.16230178,True
169,7,0,0.061102282,False
169,8,0,0.0015225108,False
169,9,0,0.002917156,False
169,10,0,0.027189946,False
169,11,0,0.056515492,False
169,12,0,0.030049019,False
169,13,0,0.0026943407,False
545,0,0,0.042059015,False
545,1,0,0.21110898,True
545,2,0,0.059193797,False
545,3,1,0.14162458,True
545,4,0,0.26763836,True
545,5,0,0.0022276042,False
545,6,0,0.016401002,False
545,7,0,0.039147314,False
545,8,0,0.017825508,False
545,9,0,0.012120912,False
545,10,0,0.0019755568,False
545,11,0,0.011597591,False
545,12,0,0.025354132,False
545,13,0,0.018647071,False
545,14,0,0.008976015,False
661,0,0,0.0055361255,False
661,1,1,0.29505658,True
661,2,0,0.039840497,False
661,3,0,0.11614746,True
661,4,0,0.00034461,False
661,5,0,0.04823407,False
661,6,0,0.12565978,True
661,7,0,0.0029366754,False
661,8,0,0.048890594,False
661,9,0,0.07661037,False
661,10,1,0.10839631,True
661,11,0,0.15453804,True
661,12,0,0.0036350128,False
661,13,0,0.08650434,True
661,14,0,0.00010649058,False
706,0,0,0.0062793754,False
706,1,0,0.0057293396,False
706,2,0,0.00079617166,False
706,3,0,0.0013951588,False
706,4,0,0.0010245723,False
706,5,0,0.0018574719,False
706,6,0,0.002403452,False
706,7,0,0.00062297285,False
706,8,0,0.05569484,False
706,9,0,0.00101394,False
706,10,0,0.012644335,False
706,11,0,0.6956586,True
706,12,0,0.0014307206,False
706,13,1,0.561826,True
706,14,0,0.0001623254,False
706,15,0,0.01629815,False
706,16,0,0.09531297,True
706,17,0,7.591359e-05,False
706,18,0,0.011112079,False
706,19,0,0.0009492841,False
706,20,0,4.287121e-05,False
706,21,0,0.00035308953,False
1136,0,1,0.5543286,True
1136,1,0,0.027917495,False
1136,2,0,0.02384135,False
1136,3,0,0.063031584,False
1136,4,0,0.032774515,False
1136,5,0,0.023937123,False
1136,6,0,0.0053975047,False
1136,7,0,0.12575917,True
1136,8,0,0.015284379,False
1136,9,0,0.24862437,True
1136,10,0,0.0047093267,False
1136,11,0,0.042417023,False
1136,12,0,0.05534684,False
1136,13,0,0.049313117,False
1136,14,0,0.057378504,False
1107,0,1,0.35331634,True
1107,1,0,0.017837431,False
1107,2,0,0.011180693,False
1107,3,0,0.09248314,True
1107,4,0,0.07002046,False
1107,5,0,0.07080762,False
1107,6,0,0.08358882,True
1107,7,0,0.08776776,True
1107,8,0,0.061992288,False
1107,9,0,0.033193737,False
1107,10,0,0.022710687,False
1107,11,1,0.3525132,True
1193,0,0,0.009533196,False
1193,1,0,0.6439124,True
1193,2,0,0.000112716414,False
1193,3,0,0.037689503,False
1193,4,0,0.0056171324,False
1193,5,0,0.00742915,False
1193,6,0,0.0027358893,False
1193,7,0,0.004005586,False
1193,8,1,0.18912235,True
1193,9,0,8.459691e-05,False
1193,10,0,0.004985336,False
1193,11,0,0.29988545,True
1193,12,0,0.010143373,False
1193,13,0,0.07680345,False
1193,14,0,0.00017976506,False
1193,15,0,0.013999888,False
1193,16,0,0.0021178036,False
1193,17,0,0.006871157,False
540,0,0,0.20319563,True
540,1,0,0.19944072,True
540,2,0,0.013082114,False
540,3,0,0.020957097,False
540,4,0,0.0382403,False
540,5,0,0.035573613,False
540,6,0,0.021670282,False
540,7,1,0.33041114,True
540,8,0,0.0028229791,False
540,9,0,0.20151874,True
540,10,0,0.00035373558,False
540,11,0,0.17622586,True
540,12,0,0.0152044995,False
897,0,0,0.002387967,False
897,1,0,0.17833312,True
897,2,0,0.0067101596,False
897,3,0,0.001553227,False
897,4,0,0.014856137,False
897,5,1,0.73506916,True
897,6,0,0.011839501,False
897,7,0,0.001507155,False
897,8,0,0.0010298477,False
897,9,0,0.037740517,False
897,10,0,0.060748268,False
897,11,0,0.04721303,False
897,12,0,0.0011583595,False
70,0,0,0.0001927017,False
70,1,0,0.082883455,True
70,2,0,0.024648795,False
70,3,0,0.13136096,True
70,4,0,0.0085368045,False
70,5,0,0.40977377,True
70,6,0,0.00018198219,False
70,7,0,0.015287342,False
70,8,0,0.0013818508,False
70,9,0,0.007265553,False
70,10,0,0.023869378,False
70,11,0,0.01292983,False
70,12,1,0.23335935,True
70,13,0,0.013678312,False
70,14,0,0.0044869487,False
893,0,0,0.51183,True
893,1,0,0.066978335,False
893,2,0,0.06891644,False
893,3,1,0.71259993,True
893,4,0,0.00012441633,False
893,5,0,0.0015778203,False
893,6,0,0.2405829,True
893,7,0,0.002705004,False
893,8,0,0.0028179004,False
893,9,0,0.12295431,True
893,10,0,0.000527786,False
893,11,0,0.004395204,False
893,12,0,0.0012816503,False
893,13,0,0.0007316804,False
893,14,0,0.18576634,True
893,15,0,0.017045597,False
893,16,0,2.0589308e-05,False
893,17,0,0.0038322904,False
893,18,0,0.003135791,False
893,19,0,0.00498288,False
893,20,0,0.0058161807,False
893,21,0,0.010411968,False
103,0,0,0.0154941315,False
103,1,0,0.40144217,True
103,2,0,0.000111066605,False
103,3,0,0.022496164,False
103,4,0,0.031062948,False
103,5,0,0.02491691,False
103,6,0,0.04611771,False
103,7,1,0.0017423949,False
103,8,0,0.0027021319,False
103,9,0,0.30554706,True
103,10,0,0.00014951472,False
103,11,0,0.03878477,False
103,12,0,0.606189,True
103,13,0,0.009608454,False
103,14,0,0.0019832982,False
445,0,1,0.019249273,False
445,1,0,0.00283716,False
445,2,0,0.0031219576,False
445,3,0,0.001230234,False
445,4,0,0.00042190394,False
445,5,0,0.0005540071,False
445,6,0,0.017425202,False
445,7,0,0.00034628445,False
445,8,0,0.5356937,True
445,9,0,6.8592607e-07,False
445,10,0,0.0016906181,False
445,11,0,0.0002523842,False
445,12,0,0.4491898,True
445,13,0,0.0006167605,False
445,14,0,0.001451046,False
445,15,0,3.709476e-05,False
445,16,0,0.29624557,True
445,17,0,4.3297496e-06,False
445,18,0,0.00062495016,False
445,19,0,0.0013614265,False
445,20,0,0.000116782394,False
445,21,0,0.027660934,False
445,22,0,1.4346558e-05,False
445,23,0,0.0006100095,False
445,24,0,0.0004556183,False
445,25,0,0.0008625629,False
445,26,0,0.0037565774,False
445,27,0,0.00014046149,False
445,28,0,0.00067045755,False
445,29,0,3.0942535e-06,False
156,0,0,0.016491245,False
156,1,0,0.034979124,False
156,2,0,0.82049155,True
156,3,0,0.06257941,False
156,4,0,0.03646833,False
156,5,0,0.009911657,False
156,6,0,0.0047560055,False
156,7,0,0.020050982,False
156,8,0,0.016071854,False
156,9,0,0.30775705,True
156,10,0,0.026535086,False
156,11,1,0.32044274,True
156,12,0,0.0074877115,False
845,0,1,0.6360364,True
845,1,0,0.11187973,True
845,2,0,0.03508706,False
845,3,0,0.019728351,False
845,4,0,0.16588488,True
845,5,0,0.15288736,True
845,6,0,0.0066566956,False
845,7,0,0.004163871,False
845,8,0,0.012888646,False
845,9,0,0.0033111318,False
845,10,0,0.017587211,False
845,11,0,0.23940405,True
845,12,0,0.03688041,False
845,13,0,0.008474971,False
845,14,0,0.00063950976,False
845,15,0,2.6576166e-05,False
845,16,0,0.043818776,False
795,0,0,0.099129245,True
795,1,0,0.11958187,True
795,2,0,0.00089046557,False
795,3,0,0.0030599555,False
795,4,1,0.49593854,True
795,5,0,0.04669528,False
795,6,0,0.23927523,True
795,7,0,0.08631531,True
795,8,0,0.063932225,False
795,9,0,0.30267107,True
795,10,0,0.0018514735,False
795,11,0,0.14003125,True
181,0,0,0.005325808,False
181,1,0,0.0051814653,False
181,2,1,0.43550053,True
181,3,0,0.0012193274,False
181,4,0,0.14275654,True
181,5,0,0.00031594464,False
181,6,0,0.001335563,False
181,7,0,0.0073731365,False
181,8,0,0.0065319147,False
181,9,0,0.23884611,True
181,10,0,0.006939729,False
181,11,0,0.2125797,True
181,12,0,0.0056056865,False
181,13,1,0.23069784,True
181,14,0,0.0023110053,False
882,0,1,0.6766408,True
882,1,0,0.05255709,False
882,2,0,0.14750658,True
882,3,0,0.01638567,False
882,4,0,0.011513927,False
882,5,0,0.05596874,False
882,6,0,0.0092552155,False
882,7,0,0.017979372,False
882,8,0,0.07826124,False
882,9,1,0.09802663,True
882,10,0,0.06001047,False
882,11,0,0.042806696,False
997,0,1,0.34809086,True
997,1,0,0.06895739,False
997,2,0,0.017670576,False
997,3,0,0.026657263,False
997,4,0,0.012408483,False
997,5,0,0.002432045,False
997,6,0,0.05258481,False
997,7,0,0.00041298132,False
997,8,0,0.041215543,False
997,9,0,0.0014012489,False
997,10,0,0.045867402,False
997,11,1,0.11522702,True
997,12,0,0.00020099497,False
997,13,0,0.0644723,False
997,14,0,0.0066563394,False
997,15,0,0.03189156,False
739,0,0,0.0033481696,False
739,1,0,0.6584733,True
739,2,0,0.0030234477,False
739,3,0,0.08892572,True
739,4,0,0.0001780946,False
739,5,0,0.0011576237,False
739,6,0,0.0018230149,False
739,7,0,0.0064764614,False
739,8,0,0.003835955,False
739,9,0,0.030988464,False
739,10,1,0.38353378,True
739,11,0,0.00020112666,False
739,12,0,0.04893333,False
739,13,0,0.012429655,False
739,14,0,0.005150543,False
739,15,0,0.0014235508,False
702,0,0,0.26561832,True
702,1,0,0.023770966,False
702,2,0,0.009758625,False
702,3,0,0.025302801,False
702,4,1,0.20473324,True
702,5,0,0.016972711,False
702,6,0,0.00034780093,False
702,7,0,0.0001182304,False
702,8,0,0.005964002,False
702,9,0,0.0044664117,False
702,10,0,0.0139263505,False
702,11,0,0.013713764,False
702,12,0,0.071348995,False
702,13,0,0.01863891,False
702,14,0,0.0065186936,False
702,15,0,0.014429661,False
702,16,0,0.012324852,False
702,17,0,0.3083928,True
392,0,0,0.00010309553,False
392,1,0,0.06876426,False
392,2,0,0.07514914,False
392,3,0,0.013259069,False
392,4,0,0.08132986,True
392,5,0,0.4900198,True
392,6,0,0.00042627915,False
392,7,0,0.052736368,False
392,8,0,0.10344757,True
392,9,0,0.04396323,False
392,10,1,0.06791466,False
392,11,1,0.0399727,False
392,12,0,0.07295164,False
392,13,0,0.029685223,False
296,0,0,0.015142401,False
296,1,0,0.007277941,False
296,2,1,0.0046797344,False
296,3,1,0.01686541,False
296,4,0,0.026537431,False
296,5,0,0.0017516578,False
296,6,0,0.010300636,False
296,7,0,0.022025844,False
296,8,0,0.0017801583,False
296,9,0,0.40854067,True
296,10,0,0.07094935,False
296,11,0,0.04062892,False
296,12,0,0.15476619,True
296,13,0,0.2186431,True
296,14,0,0.20139183,True
296,15,0,0.06636614,False
296,16,0,0.0032709206,False
296,17,0,0.005294604,False
1083,0,1,0.087175,True
1083,1,0,0.018123943,False
1083,2,0,0.0089584,False
1083,3,0,0.022708988,False
1083,4,0,0.023409318,False
1083,5,0,0.3481129,True
1083,6,0,0.023328966,False
1083,7,0,0.030307949,False
1083,8,0,0.109081574,True
1083,9,0,0.05380595,False
1083,10,0,0.075700246,False
1083,11,0,0.02391311,False
1083,12,0,0.04110852,False
1083,13,0,0.03302333,False
1083,14,0,0.026888538,False
1083,15,0,0.06157859,False
1083,16,0,0.00012278107,False
1083,17,0,0.005199816,False
486,0,1,0.043727066,False
486,1,0,0.14654236,True
486,2,0,0.06901551,False
486,3,0,0.12956166,True
486,4,0,0.11129603,True
486,5,0,0.070321254,False
486,6,0,0.052761987,False
486,7,0,0.132132,True
486,8,0,0.024109589,False
486,9,1,0.16912584,True
486,10,0,0.00050753425,False
486,11,0,0.05464579,False
1053,0,1,0.53285104,True
1053,1,0,0.013063757,False
1053,2,0,0.010412018,False
1053,3,0,0.030482817,False
1053,4,0,0.049276683,False
1053,5,0,0.029707605,False
1053,6,0,0.012482144,False
1053,7,0,0.012503858,False
1053,8,0,0.4398881,True
1053,9,0,0.03066775,False
1053,10,0,0.08813184,True
1053,11,0,0.05101606,False
1053,12,0,8.66062e-05,False
1053,13,0,0.06436533,False
1053,14,0,0.024318391,False
1053,15,0,0.030082276,False
961,0,0,0.0029307425,False
961,1,0,0.010726941,False
961,2,0,0.0060692984,False
961,3,0,0.003022363,False
961,4,0,0.001314357,False
961,5,1,0.6475859,True
961,6,0,0.0029274304,False
961,7,0,0.24769971,True
961,8,0,9.997597e-05,False
961,9,0,0.009569649,False
961,10,0,0.018022263,False
961,11,0,0.12671106,True
961,12,0,0.00019128808,False
961,13,0,0.024554217,False
961,14,0,0.010195682,False
244,0,0,0.10904136,True
244,1,0,0.20030542,True
244,2,0,0.025036378,False
244,3,0,0.055496812,False
244,4,0,0.0031602387,False
244,5,0,0.05086642,False
244,6,0,0.042066827,False
244,7,0,0.204847,True
244,8,0,0.20673631,True
244,9,0,0.17065904,True
244,10,1,0.07365182,False
244,11,0,0.000928868,False
244,12,0,0.073076524,False
783,0,0,0.3890317,True
783,1,0,0.009428051,False
783,2,0,0.008427836,False
783,3,0,0.02272789,False
783,4,0,0.0050161975,False
783,5,0,0.028856605,False
783,6,0,0.15060446,True
783,7,0,0.06996542,False
783,8,0,0.29964235,True
783,9,0,0.065185845,False
783,10,0,0.0083054,False
783,11,0,0.005172033,False
783,12,0,0.0042893873,False
783,13,1,0.15455805,True
783,14,0,0.070618615,False
783,15,1,0.20732947,True
996,0,0,0.00025460773,False
996,1,0,0.15626961,True
996,2,0,0.29855108,True
996,3,1,0.12747882,True
996,4,1,0.3650685,True
996,5,0,0.33115718,True
996,6,0,0.085894406,True
996,7,0,0.28048405,True
996,8,0,0.02993767,False
996,9,0,0.039362658,False
996,10,0,0.058713313,False
996,11,0,0.0004290211,False
996,12,0,4.2862463e-05,False
996,13,0,0.027754147,False
996,14,0,0.03662903,False
1021,0,0,0.2977571,True
1021,1,0,0.016557587,False
1021,2,0,0.025469333,False
1021,3,1,0.060729038,False
1021,4,0,0.08746145,True
1021,5,0,0.052652467,False
1021,6,0,0.02345387,False
1021,7,0,0.035011817,False
1021,8,0,0.025485007,False
1021,9,0,0.051896837,False
1021,10,0,0.09248645,True
1021,11,1,0.09780124,True
1021,12,0,0.087127715,True
1021,13,0,0.09614611,True
898,0,1,0.6419574,True
898,1,0,0.04052488,False
898,2,0,0.05516023,False
898,3,0,0.0756204,False
898,4,0,0.08416133,True
898,5,0,0.016455831,False
898,6,0,0.008292644,False
898,7,0,0.120360665,True
898,8,0,0.054314576,False
898,9,0,0.029811975,False
898,10,0,0.32945767,True
898,11,0,0.20997337,True
898,12,0,0.012243415,False
414,0,0,0.27276656,True
414,1,0,0.1895027,True
414,2,0,0.15054359,True
414,3,0,0.07492251,False
414,4,0,0.05905969,False
414,5,0,0.10274442,True
414,6,0,0.21219319,True
414,7,1,0.6908114,True
414,8,1,0.074636385,False
414,9,0,0.13213748,True
414,10,0,0.024804953,False
254,0,0,0.0069801165,False
254,1,1,0.17970434,True
254,2,0,0.04947401,False
254,3,0,0.009595878,False
254,4,0,0.3835478,True
254,5,0,0.00012977219,False
254,6,0,0.014341917,False
254,7,0,0.003639459,False
254,8,0,0.009065437,False
254,9,0,0.019322531,False
254,10,0,0.018815208,False
254,11,0,0.34855437,True
254,12,0,0.017116752,False
254,13,0,0.0072885985,False
760,0,0,0.013280009,False
760,1,0,0.0393413,False
760,2,0,0.04775761,False
760,3,0,0.008259964,False
760,4,0,0.018987997,False
760,5,1,0.53661853,True
760,6,0,0.026611432,False
760,7,0,0.00490615,False
760,8,1,0.047231298,False
760,9,0,0.014308353,False
760,10,0,0.02051153,False
760,11,0,0.047970187,False
760,12,0,0.032188162,False
760,13,0,0.014531808,False
696,0,0,0.49523628,True
696,1,1,0.07163858,False
696,2,0,0.07368554,False
696,3,0,0.067507744,False
696,4,0,0.015599865,False
696,5,1,0.02004866,False
696,6,0,0.1062878,True
696,7,0,0.1298839,True
696,8,1,0.098700196,True
696,9,0,0.100526854,True
696,10,0,0.2150634,True
696,11,0,0.0059178057,False
696,12,0,0.005488093,False
696,13,0,0.0060710246,False
696,14,0,0.0030134805,False
696,15,0,5.5500885e-05,False
696,16,0,0.0020532024,False
502,0,0,0.00052191806,False
502,1,0,0.23928969,True
502,2,0,0.10777373,True
502,3,1,0.41048354,True
502,4,1,0.075129375,False
502,5,0,0.0033756671,False
502,6,0,0.011650392,False
502,7,0,0.00026105912,False
502,8,0,0.00047601108,False
502,9,0,0.0027295412,False
502,10,0,0.0005351819,False
502,11,0,0.00035139322,False
502,12,0,0.004927991,False
502,13,0,0.00037478705,False
502,14,0,0.00038078372,False
502,15,0,0.007062404,False
502,16,0,0.000892354,False
502,17,0,0.0012412949,False
502,18,0,0.015531095,False
502,19,0,0.00087253586,False
502,20,0,0.0035738612,False
502,21,0,0.004943295,False
502,22,0,0.00020064935,False
502,23,0,0.00044955447,False
502,24,0,0.0031307824,False
502,25,0,0.00079051545,False
502,26,0,0.00089469185,False
502,27,0,0.00037460896,False
21,0,0,0.107252136,True
21,1,1,0.35528347,True
21,2,0,0.0024778096,False
21,3,1,0.2595951,True
21,4,1,0.15919027,True
21,5,0,0.028359627,False
21,6,0,0.049976073,False
21,7,0,0.0891,True
21,8,0,0.13684267,True
21,9,0,0.094707325,True
21,10,0,0.05089589,False
678,0,0,0.39728102,True
678,1,0,0.012926282,False
678,2,0,0.018513065,False
678,3,0,0.019302912,False
678,4,0,0.04287183,False
678,5,0,0.009644322,False
678,6,0,0.006407924,False
678,7,0,0.013023241,False
678,8,1,0.12732127,True
678,9,0,0.040083744,False
678,10,0,0.13341923,True
678,11,0,9.443307e-05,False
678,12,0,0.0046607917,False
678,13,0,0.00884837,False
678,14,0,0.010999369,False
678,15,0,0.004757166,False
678,16,0,0.17060229,True
678,17,0,0.0073608416,False
678,18,0,0.008887906,False
594,0,0,5.2919164e-05,False
594,1,1,0.38689366,True
594,2,0,0.0032108554,False
594,3,0,0.028780142,False
594,4,0,0.01578168,False
594,5,0,0.055694874,False
594,6,0,0.034031253,False
594,7,0,3.0763393e-05,False
594,8,0,5.1571147e-05,False
594,9,0,0.009341118,False
594,10,0,0.013430484,False
594,11,0,8.331231e-05,False
594,12,0,0.00011145704,False
594,13,0,0.002712345,False
594,14,0,0.0037521222,False
594,15,0,0.008472246,False
594,16,0,0.00211351,False
594,17,0,0.008211331,False
594,18,0,0.00036343583,False
594,19,0,0.00035088055,False
594,20,0,0.020443909,False
594,21,0,2.4791374e-05,False
594,22,0,0.0046811583,False
883,0,0,0.05104909,False
883,1,0,0.0042140908,False
883,2,0,0.14087722,True
883,3,0,0.009745009,False
883,4,0,0.002307941,False
883,5,0,0.013643091,False
883,6,0,0.060511943,False
883,7,0,0.105215244,True
883,8,0,0.058766745,False
883,9,0,0.01453273,False
883,10,0,0.02839515,False
883,11,1,0.7194965,True
649,0,0,0.010213826,False
649,1,1,0.26060283,True
649,2,0,3.9617426e-05,False
649,3,0,0.0040066913,False
649,4,0,0.022560656,False
649,5,0,0.002137601,False
649,6,0,0.08503606,True
649,7,0,0.004894427,False
649,8,0,0.0050902944,False
649,9,0,0.011722682,False
649,10,0,0.3214505,True
649,11,0,0.013963185,False
649,12,0,6.874582e-05,False
649,13,0,9.1699085e-06,False
649,14,0,0.0075253854,False
649,15,0,0.15533492,True
649,16,0,0.05505724,False
649,17,0,0.00016018447,False
649,18,0,0.022920627,False
765,0,0,0.010629434,False
765,1,0,0.18323083,True
765,2,0,0.03803826,False
765,3,0,0.45239028,True
765,4,0,0.0068730935,False
765,5,1,0.8272895,True
765,6,0,0.00017539102,False
765,7,0,0.019991947,False
765,8,1,0.21697141,True
765,9,0,0.019768678,False
765,10,0,0.028986488,False
765,11,0,0.018919399,False
765,12,0,0.043912105,False
765,13,0,0.028057383,False
858,0,0,0.0149343405,False
858,1,0,0.055774994,False
858,2,0,0.036929723,False
858,3,0,0.010349425,False
858,4,1,0.5139206,True
858,5,0,5.828587e-05,False
858,6,0,0.013398054,False
858,7,0,0.010426197,False
858,8,0,0.015641661,False
858,9,0,0.00014584171,False
858,10,0,0.03392077,False
858,11,0,0.0015625524,False
858,12,0,0.009882796,False
858,13,0,0.004120621,False
858,14,0,0.021613201,False
858,15,0,0.021218836,False
858,16,0,0.00012660501,False
858,17,0,0.015094049,False
858,18,0,0.0026042764,False
221,0,0,0.023272097,False
221,1,0,0.0059988513,False
221,2,0,0.0050958423,False
221,3,0,0.003828575,False
221,4,0,0.0065953587,False
221,5,0,0.016447414,False
221,6,0,0.016674943,False
221,7,0,0.0038499506,False
221,8,0,0.44466874,True
221,9,0,0.026811995,False
221,10,0,0.11084511,True
221,11,0,0.11285053,True
221,12,0,0.13073198,True
221,13,0,0.18697391,True
221,14,1,0.18991858,True
221,15,0,0.035028815,False
221,16,0,0.0027545518,False
221,17,0,0.00079146563,False
221,18,0,0.0025272907,False
924,0,0,0.42890018,True
924,1,0,0.008248285,False
924,2,0,0.0732849,False
924,3,0,0.01058608,False
924,4,0,0.013217833,False
924,5,0,0.0030212796,False
924,6,0,0.03366469,False
924,7,0,0.02110533,False
924,8,0,0.010454075,False
924,9,0,0.0134835085,False
924,10,1,0.39223656,True
924,11,0,0.016800921,False
924,12,1,0.31740054,True
924,13,0,0.027256146,False
1029,0,0,0.00094351324,False
1029,1,0,0.76953053,True
1029,2,0,0.0007170837,False
1029,3,0,0.0040102783,False
1029,4,0,0.008047046,False
1029,5,0,0.06343437,False
1029,6,1,0.4594372,True
1029,7,0,0.08885976,True
1029,8,0,0.06512325,False
1029,9,0,4.4124765e-05,False
1029,10,0,0.025499161,False
1029,11,0,0.0054848744,False
1029,12,0,0.003381171,False
1029,13,0,0.009779405,False
1029,14,0,0.014274821,False
1029,15,0,0.01639065,False
1029,16,0,0.014098778,False
1029,17,0,0.04534331,False
1029,18,0,0.00589394,False
646,0,0,0.014230129,False
646,1,1,0.43046808,True
646,2,0,0.027850175,False
646,3,1,0.20669408,True
646,4,0,0.04810045,False
646,5,0,0.112340465,True
646,6,0,0.11124653,True
646,7,0,0.032738525,False
646,8,0,0.06987893,False
646,9,0,0.057354283,False
646,10,0,0.05842645,False
646,11,0,0.011372942,False
646,12,0,4.5790097e-05,False
646,13,0,0.040562823,False
1012,0,1,0.11244061,True
1012,1,0,0.10332333,True
1012,2,0,0.09796073,True
1012,3,0,0.09115115,True
1012,4,0,0.10221217,True
1012,5,0,0.11481035,True
1012,6,0,0.10321095,True
1012,7,0,0.114644825,True
1012,8,0,0.07304076,False
1012,9,0,0.09720938,True
1012,10,0,0.09098521,True
1012,11,0,0.11895646,True
19,0,0,0.20288563,True
19,1,0,0.2642155,True
19,2,0,0.021613462,False
19,3,0,0.033437002,False
19,4,0,0.03253879,False
19,5,0,0.019239433,False
19,6,0,0.009475061,False
19,7,0,0.07475498,False
19,8,1,0.9601484,True
19,9,0,0.0023128376,False
19,10,0,0.011197586,False
856,0,0,0.010891838,False
856,1,0,0.06895694,False
856,2,0,0.0025373672,False
856,3,0,0.0048333416,False
856,4,0,0.0003016801,False
856,5,1,0.2685721,True
856,6,0,0.006227693,False
856,7,0,0.10383463,True
856,8,0,0.30396527,True
856,9,0,0.035758063,False
856,10,0,0.21426131,True
856,11,0,0.2948074,True
856,12,0,0.0183689,False
856,13,0,0.0009665232,False
856,14,0,3.7213493e-05,False
856,15,0,0.0031679077,False
856,16,0,0.005698743,False
856,17,0,0.011562301,False
740,0,0,0.056494202,False
740,1,0,0.008072806,False
740,2,0,0.008864269,False
740,3,0,0.0064491564,False
740,4,0,0.016480893,False
740,5,0,0.0032083672,False
740,6,0,0.00033963996,False
740,7,0,0.0061353697,False
740,8,0,0.053460557,False
740,9,0,0.12702169,True
740,10,0,0.00018766103,False
740,11,0,0.046187993,False
740,12,0,0.0544666,False
740,13,0,0.10123242,True
740,14,0,0.079559304,True
740,15,1,0.11205952,True
113,0,0,0.0081127435,False
113,1,0,0.0080446135,False
113,2,0,0.0062863985,False
113,3,0,0.09640254,True
113,4,0,0.19656023,True
113,5,0,0.07056078,False
113,6,0,0.1837459,True
113,7,1,0.081559464,True
113,8,0,0.024530504,False
113,9,0,0.22204289,True
113,10,0,0.00096981064,False
113,11,0,0.009176908,False
113,12,0,0.0027614278,False
113,13,0,0.005199994,False
113,14,0,0.04386971,False
113,15,0,0.004004456,False
113,16,0,0.0020220599,False
113,17,0,0.030575365,False
259,0,0,0.51457566,True
259,1,0,0.009520286,False
259,2,0,0.009474998,False
259,3,0,0.009645338,False
259,4,0,0.0039893556,False
259,5,0,0.0292311,False
259,6,0,0.0633547,False
259,7,0,0.01931017,False
259,8,0,0.05321112,False
259,9,0,0.00023288836,False
259,10,0,0.052312106,False
259,11,0,0.007977682,False
259,12,0,0.016314872,False
259,13,0,0.035659432,False
259,14,1,0.3843637,True
186,0,0,0.002258896,False
186,1,0,0.16619837,True
186,2,0,0.0033962168,False
186,3,1,0.8217596,True
186,4,0,6.370224e-07,False
186,5,0,0.0009937823,False
186,6,0,0.00017287047,False
186,7,0,0.0032979473,False
186,8,0,0.0005809501,False
186,9,0,0.0008615161,False
186,10,0,0.011985349,False
186,11,0,0.00017690446,False
186,12,0,0.002962133,False
186,13,0,0.0036969623,False
186,14,0,0.016665634,False
186,15,0,4.1977102e-05,False
186,16,0,0.0044794683,False
186,17,0,7.053715e-05,False
186,18,0,1.0552392e-05,False
186,19,0,0.0010649251,False
186,20,0,9.288835e-05,False
186,21,0,1.6052867e-05,False
334,0,0,0.011206586,False
334,1,0,0.14681958,True
334,2,0,0.008640096,False
334,3,0,0.2534362,True
334,4,0,0.06116217,False
334,5,0,0.006138482,False
334,6,0,0.023746993,False
334,7,0,0.14245015,True
334,8,1,0.12616177,True
334,9,0,0.15509355,True
334,10,0,0.024937088,False
1148,0,0,0.31397066,True
1148,1,0,0.012658667,False
1148,2,0,0.010436657,False
1148,3,0,0.006606737,False
1148,4,0,0.16246256,True
1148,5,0,0.00031159137,False
1148,6,1,0.15555519,True
1148,7,0,0.08126061,True
1148,8,0,0.17164391,True
1148,9,0,0.0023337423,False
1148,10,0,0.004800802,False
1148,11,0,0.04727815,False
1148,12,0,0.06974506,False
1148,13,0,0.040956423,False
1148,14,0,0.010320556,False
1148,15,0,0.006399621,False
1148,16,0,0.021016097,False
647,0,0,0.018499112,False
647,1,1,0.121695116,True
647,2,0,0.00014583227,False
647,3,0,0.009686491,False
647,4,0,0.0452406,False
647,5,0,0.0075665526,False
647,6,0,0.4006207,True
647,7,0,0.006055441,False
647,8,0,0.004744031,False
647,9,0,0.1467404,True
647,10,0,0.0071293702,False
647,11,0,0.007799148,False
647,12,0,0.0066493656,False
647,13,0,0.26746288,True
647,14,0,7.422961e-05,False
647,15,0,6.101281e-06,False
647,16,0,0.08780268,True
647,17,0,7.233066e-05,False
647,18,0,0.014358157,False
1215,0,0,0.2693223,True
1215,1,0,0.011665071,False
1215,2,0,0.019593442,False
1215,3,0,0.00783325,False
1215,4,0,0.01345542,False
1215,5,0,0.009054862,False
1215,6,0,0.33733764,True
1215,7,0,0.010854478,False
1215,8,0,0.034860585,False
1215,9,0,0.33966333,True
1215,10,0,0.015038935,False
1215,11,0,0.01158252,False
1215,12,0,0.23143084,True
1215,13,0,0.18580984,True
1215,14,1,0.28573492,True
1215,15,0,0.00062502554,False
1215,16,0,0.09443241,True
360,0,0,0.003955595,False
360,1,0,0.5476222,True
360,2,0,0.025223913,False
360,3,1,0.71799386,True
360,4,0,0.03703492,False
360,5,0,0.005993872,False
360,6,0,0.017963348,False
360,7,0,0.022683783,False
360,8,0,0.01999336,False
360,9,0,0.12867269,True
360,10,0,0.02631872,False
360,11,0,0.025359493,False
480,0,0,0.0006385165,False
480,1,1,0.38102582,True
480,2,0,0.0027935517,False
480,3,0,0.2682249,True
480,4,0,0.007961501,False
480,5,0,0.010519206,False
480,6,0,0.012633172,False
480,7,0,0.029126534,False
480,8,0,0.012104697,False
480,9,0,6.8870235e-05,False
480,10,0,0.004035687,False
480,11,0,0.022929922,False
480,12,0,0.0076509737,False
480,13,0,0.08844025,True
480,14,0,0.1629129,True
480,15,0,0.00034149602,False
480,16,0,0.000798254,False
480,17,1,0.26857728,True
480,18,0,0.0001471604,False
1204,0,0,0.33862248,True
1204,1,1,0.49280834,True
1204,2,0,0.22081843,True
1204,3,0,0.17008674,True
1204,4,0,0.1094122,True
1204,5,0,0.09156492,True
1204,6,0,0.23641646,True
1204,7,0,0.05157036,False
1204,8,0,0.059036296,False
1204,9,0,0.06740534,False
1204,10,0,0.08118071,True
1204,11,0,0.069603555,False
1204,12,0,0.06333756,False
269,0,0,0.036582734,False
269,1,0,0.004656259,False
269,2,0,2.013657e-05,False
269,3,0,0.17241709,True
269,4,0,0.33966404,True
269,5,0,0.13664812,True
269,6,0,0.275217,True
269,7,1,0.28048733,True
269,8,0,0.023486067,False
269,9,0,0.50622183,True
269,10,0,0.0011630899,False
269,11,0,0.009829703,False
269,12,0,0.0041747675,False
269,13,1,0.014993585,False
269,14,0,0.040889565,False
269,15,1,0.004756087,False
269,16,0,0.0020081392,False
269,17,0,3.552873e-05,False
178,0,0,0.07219245,False
178,1,0,0.40198684,True
178,2,0,0.38053605,True
178,3,0,0.11366733,True
178,4,0,0.033961594,False
178,5,0,0.009464093,False
178,6,0,0.032881077,False
178,7,0,0.02369092,False
178,8,0,0.0074558607,False
178,9,0,0.011706473,False
178,10,0,0.013312565,False
178,11,1,0.58368254,True
178,12,0,0.06912336,False
178,13,1,0.584568,True
381,0,1,0.3658673,True
381,1,0,0.04920806,False
381,2,0,0.084180735,True
381,3,0,0.0013614331,False
381,4,0,0.010067166,False
381,5,0,0.0013040489,False
381,6,0,0.007701417,False
381,7,0,0.014603225,False
381,8,0,0.03843772,False
381,9,0,0.22676258,True
381,10,0,0.04784855,False
381,11,1,0.33479974,True
381,12,0,0.0070891683,False
210,0,0,0.025710797,False
210,1,0,0.51760966,True
210,2,0,0.0006244519,False
210,3,0,0.006964224,False
210,4,0,0.010425557,False
210,5,0,0.0061062523,False
210,6,0,0.0015443257,False
210,7,0,0.20797916,True
210,8,0,0.38883406,True
210,9,0,0.011247265,False
210,10,0,0.19493113,True
210,11,1,0.25239787,True
210,12,0,0.004203567,False
210,13,0,0.0081703095,False
210,14,0,0.012487882,False
1189,0,0,0.055066444,False
1189,1,0,0.0052467,False
1189,2,0,0.0035598914,False
1189,3,0,0.0038103198,False
1189,4,0,0.051399853,False
1189,5,0,0.03537589,False
1189,6,0,0.0034156132,False
1189,7,0,0.008002139,False
1189,8,0,0.37645987,True
1189,9,0,0.104323104,True
1189,10,0,0.0012663516,False
1189,11,0,0.002106571,False
1189,12,0,5.6212513e-05,False
1189,13,0,0.0022934983,False
1189,14,1,0.4638356,True
1189,15,0,0.0058125895,False
1189,16,0,0.1054499,True
379,0,0,0.4484024,True
379,1,0,0.015703563,False
379,2,0,0.017681794,False
379,3,0,0.035829462,False
379,4,0,0.05690925,False
379,5,0,0.029602729,False
379,6,0,0.35510102,True
379,7,0,0.021395944,False
379,8,0,0.0024756112,False
379,9,0,0.023156121,False
379,10,1,0.1440398,True
379,11,0,0.001954024,False
379,12,0,0.01939336,False
1026,0,0,0.06882377,False
1026,1,0,0.006994817,False
1026,2,0,0.0024158244,False
1026,3,0,0.014892995,False
1026,4,0,0.0045979014,False
1026,5,0,0.0032042724,False
1026,6,0,0.0024980023,False
1026,7,0,0.018038021,False
1026,8,0,0.055916492,False
1026,9,0,0.00119454,False
1026,10,1,0.060820833,False
1026,11,0,0.0014755299,False
1026,12,0,0.00067335065,False
1026,13,0,0.026845908,False
1026,14,0,0.02180065,False
1026,15,0,0.012909823,False
1026,16,0,0.95271134,True
1026,17,0,0.011490398,False
1026,18,0,0.002064013,False
1026,19,0,0.0028558713,False
821,0,1,0.45292214,True
821,1,0,0.07563653,False
821,2,0,0.13187444,True
821,3,0,0.001184804,False
821,4,0,0.033453796,False
821,5,0,0.0041937083,False
821,6,0,0.014867253,False
821,7,0,0.0053044977,False
821,8,0,0.0072781136,False
821,9,0,0.0076688565,False
821,10,0,0.01617906,False
821,11,1,0.42960382,True
821,12,0,0.13668628,True
821,13,1,0.47413266,True
563,0,1,0.39847878,True
563,1,0,0.039135166,False
563,2,0,0.27217337,True
563,3,0,0.0949198,True
563,4,0,0.0003454896,False
563,5,0,0.13139448,True
563,6,0,0.0074627833,False
563,7,0,0.050110888,False
563,8,0,0.086539425,True
563,9,0,0.004345673,False
563,10,0,0.008507598,False
563,11,0,0.0032208627,False
563,12,0,0.0005083934,False
563,13,0,0.00013558219,False
563,14,0,3.9439426e-05,False
563,15,0,0.0027910157,False
1206,0,1,0.07056003,False
1206,1,0,0.107215196,True
1206,2,0,0.1859061,True
1206,3,0,0.08767433,True
1206,4,0,0.114408016,True
1206,5,0,0.3277181,True
1206,6,0,0.16322276,True
1206,7,0,0.0006839272,False
1206,8,0,0.29327038,True
1206,9,0,0.11709454,True
1206,10,0,0.08355875,True
1206,11,0,0.08604453,True
1206,12,0,0.061493363,False
1206,13,0,0.20389922,True
505,0,0,0.0014485387,False
505,1,1,0.98474944,True
505,2,0,0.09375228,True
505,3,0,0.006840434,False
505,4,0,0.009200667,False
505,5,0,0.000355979,False
505,6,0,0.0059097237,False
505,7,0,0.0010972955,False
505,8,0,0.00035082203,False
505,9,0,0.005984439,False
505,10,0,0.00065891497,False
505,11,0,0.0071543837,False
505,12,0,0.004007409,False
505,13,0,0.00038013814,False
505,14,0,0.0005247849,False
505,15,0,0.0043817665,False
505,16,0,0.0020544452,False
505,17,0,0.00062527135,False
505,18,0,0.016147798,False
505,19,0,0.00031601937,False
505,20,0,0.00049520115,False
505,21,0,0.004771444,False
505,22,0,0.0005551867,False
505,23,0,0.0015648841,False
505,24,0,0.0035100002,False
505,25,0,0.00030699023,False
505,26,0,0.00032073676,False
505,27,0,0.00031509154,False
727,0,0,0.075944886,False
727,1,0,0.18869124,True
727,2,0,0.008534359,False
727,3,0,0.013960783,False
727,4,0,0.08771244,True
727,5,0,0.029710634,False
727,6,0,0.067364305,False
727,7,0,0.08489808,True
727,8,0,0.0053511555,False
727,9,0,0.024074858,False
727,10,1,0.5097926,True
727,11,0,0.0009465304,False
727,12,0,0.08855416,True
727,13,0,0.0011982135,False
1124,0,0,0.076176874,False
1124,1,0,0.0725243,False
1124,2,0,0.052200887,False
1124,3,0,0.022167979,False
1124,4,0,0.026072592,False
1124,5,0,0.011808668,False
1124,6,0,0.010740916,False
1124,7,0,0.085445166,True
1124,8,0,0.01476165,False
1124,9,0,0.017920114,False
1124,10,0,0.6050891,True
1124,11,1,0.94291073,True
1124,12,1,0.33581027,True
438,0,1,0.16849808,True
438,1,0,0.14612938,True
438,2,0,0.08058102,True
438,3,0,0.091907546,True
438,4,0,0.05941719,False
438,5,0,0.11057127,True
438,6,0,0.10070854,True
438,7,0,0.09968599,True
438,8,0,0.093209095,True
438,9,0,0.15472965,True
1007,0,0,0.05216971,False
1007,1,0,0.16542132,True
1007,2,0,0.009743126,False
1007,3,0,0.023483386,False
1007,4,0,0.023543362,False
1007,5,0,0.04063104,False
1007,6,0,0.073342666,False
1007,7,0,0.097719476,True
1007,8,0,0.122853935,True
1007,9,0,0.09952537,True
1007,10,0,0.06868008,False
1007,11,0,0.06701334,False
1007,12,0,0.06277008,False
1007,13,0,0.036983225,False
1007,14,1,0.40274617,True
1162,0,0,0.51022375,True
1162,1,0,0.032737132,False
1162,2,0,0.013686156,False
1162,3,0,0.0037557385,False
1162,4,0,0.15127496,True
1162,5,1,0.37980586,True
1162,6,0,0.113745034,True
1162,7,0,0.0011292289,False
1162,8,0,5.0408664e-05,False
1162,9,0,0.0049009756,False
1162,10,0,0.006640135,False
1162,11,0,0.045216843,False
1162,12,0,0.03410642,False
1162,13,0,0.05042498,False
1162,14,0,0.03397703,False
1162,15,0,0.029286675,False
125,0,0,0.00863574,False
125,1,0,0.052914448,False
125,2,0,0.39808017,True
125,3,1,0.92287123,True
125,4,1,0.66503847,True
125,5,0,0.0048303404,False
125,6,0,0.0125902835,False
125,7,0,0.037357923,False
125,8,0,0.026032439,False
125,9,0,0.043810334,False
125,10,0,0.005553932,False
784,0,0,0.23811395,True
784,1,0,0.005871826,False
784,2,0,0.008243638,False
784,3,0,0.015409597,False
784,4,0,0.0020985005,False
784,5,0,0.0027768195,False
784,6,0,0.03814933,False
784,7,0,0.0347233,False
784,8,0,0.06507136,False
784,9,0,0.00024200292,False
784,10,0,0.073289484,False
784,11,0,0.024395008,False
784,12,0,0.02756828,False
784,13,0,0.0839343,True
784,14,0,0.00890682,False
784,15,0,0.0053059626,False
784,16,1,0.22407323,True
172,0,1,0.32584262,True
172,1,0,0.015912767,False
172,2,0,0.018542156,False
172,3,0,0.031352516,False
172,4,0,0.005730722,False
172,5,0,0.007477771,False
172,6,0,0.08899216,True
172,7,0,0.0693655,False
172,8,0,0.00023799173,False
172,9,0,0.04963993,False
172,10,0,0.0067458875,False
172,11,0,0.012811755,False
172,12,0,0.012557714,False
172,13,1,0.44815198,True
604,0,0,0.030936066,False
604,1,0,0.081742875,True
604,2,0,0.0003878444,False
604,3,0,0.13449705,True
604,4,1,0.3238887,True
604,5,0,0.17084116,True
604,6,0,0.017097607,False
604,7,0,0.016607033,False
604,8,0,0.022093939,False
604,9,0,0.061454702,False
604,10,0,0.022834314,False
604,11,0,0.10530012,True
604,12,0,0.0711196,False
604,13,0,0.062391106,False
604,14,0,0.03189501,False
604,15,0,0.016414214,False
660,0,0,0.053947542,False
660,1,0,0.016016224,False
660,2,0,0.05553245,False
660,3,0,0.0060573528,False
660,4,0,0.002681029,False
660,5,0,0.1510597,True
660,6,0,0.09664708,True
660,7,0,0.100338556,True
660,8,0,0.00954329,False
660,9,0,0.028371533,False
660,10,0,0.047340415,False
660,11,0,6.593792e-05,False
660,12,0,0.25018123,True
660,13,1,0.07277218,False
660,14,0,0.0003353089,False
327,0,0,0.5693574,True
327,1,0,0.041573055,False
327,2,0,0.040920787,False
327,3,0,0.029903643,False
327,4,0,0.002259069,False
327,5,0,0.0029728257,False
327,6,0,0.33162016,True
327,7,0,0.10204505,True
327,8,0,0.30169168,True
327,9,0,0.007985195,False
327,10,1,0.12158108,True
327,11,0,0.002659124,False
327,12,0,0.020123193,False
402,0,0,0.0026615064,False
402,1,0,0.0017204586,False
402,2,0,0.00017365222,False
402,3,0,0.00012915483,False
402,4,0,0.00061659946,False
402,5,0,0.0008089295,False
402,6,0,0.006057404,False
402,7,0,2.6110565e-06,False
402,8,0,3.854702e-05,False
402,9,0,0.035916757,False
402,10,0,0.0008413217,False
402,11,0,0.0014704354,False
402,12,0,0.0010769229,False
402,13,0,0.0005732234,False
402,14,0,0.010779517,False
402,15,0,0.0006276763,False
402,16,0,0.57386607,True
402,17,0,1.2967058e-06,False
402,18,0,0.0007216632,False
402,19,0,4.2198935e-05,False
402,20,1,0.50817806,True
402,21,0,1.4824612e-06,False
402,22,0,0.0016879385,False
402,23,0,0.00051319087,False
402,24,0,0.4755959,True
402,25,0,2.6542164e-06,False
402,26,0,0.00081496174,False
402,27,0,0.0010295062,False
402,28,0,0.00016181728,False
402,29,0,0.0052101365,False
402,30,0,3.885422e-05,False
402,31,0,0.0002399377,False
975,0,1,0.6884323,True
975,1,0,0.04039296,False
975,2,0,0.04073969,False
975,3,0,0.086256295,True
975,4,0,0.1056713,True
975,5,0,0.10278483,True
975,6,0,0.014364042,False
975,7,0,0.008110576,False
975,8,0,0.016497131,False
975,9,0,0.0025984019,False
975,10,0,0.0094669275,False
975,11,0,0.11995311,True
975,12,0,0.098747425,True
975,13,0,0.08571414,True
975,14,0,0.091280326,True
205,0,0,6.934664e-05,False
205,1,0,0.06433717,False
205,2,0,0.011741817,False
205,3,1,0.010950716,False
205,4,0,0.0013372534,False
205,5,0,0.0051454487,False
205,6,0,0.008867956,False
205,7,0,0.0021865447,False
205,8,0,0.0021624044,False
205,9,0,0.001419593,False
205,10,0,0.00034489066,False
205,11,0,0.053952787,False
205,12,0,0.0005582676,False
205,13,0,0.0018544816,False
205,14,0,0.18910536,True
205,15,0,0.011673062,False
205,16,1,0.48218882,True
205,17,0,4.867977e-06,False
205,18,0,0.004784722,False
205,19,0,0.0055128993,False
205,20,0,0.008442189,False
205,21,0,0.0069337673,False
205,22,0,0.0093167,False
205,23,0,0.026704356,False
538,0,0,0.35023475,True
538,1,1,0.18098606,True
538,2,0,0.09361364,True
538,3,0,0.100498594,True
538,4,1,0.06550929,False
538,5,0,0.08601871,True
538,6,0,0.06420781,False
538,7,0,0.09377772,True
538,8,0,0.075766236,False
538,9,0,0.060864795,False
538,10,0,0.09395732,True
1100,0,0,0.00998243,False
1100,1,1,0.92349374,True
1100,2,0,0.010798286,False
1100,3,0,0.21637335,True
1100,4,0,0.0052327393,False
1100,5,0,0.0036756895,False
1100,6,0,0.033206325,False
1100,7,0,0.029786417,False
1100,8,0,0.018703552,False
1100,9,0,0.007956524,False
1100,10,0,0.004998026,False
1100,11,0,0.006717377,False
1100,12,0,0.023373567,False
1100,13,0,1.7392675e-05,False
1100,14,0,0.019243967,False
1100,15,0,0.028559903,False
1100,16,0,0.0001013516,False
1100,17,0,0.019681046,False
1166,0,0,0.42796364,True
1166,1,0,0.015399785,False
1166,2,0,0.01689173,False
1166,3,0,0.010221407,False
1166,4,0,0.11509869,True
1166,5,0,0.10482205,True
1166,6,1,0.10616216,True
1166,7,0,0.37344617,True
1166,8,0,0.0023142046,False
1166,9,0,3.260598e-05,False
1166,10,0,0.0020534368,False
1166,11,0,0.009901425,False
1166,12,0,0.06531598,False
1166,13,0,0.05489821,False
1166,14,0,0.023067102,False
1166,15,0,0.03164275,False
1166,16,0,0.024686659,False
880,0,0,0.028248291,False
880,1,0,0.07472237,False
880,2,0,0.005755046,False
880,3,0,0.011151861,False
880,4,0,0.06996048,False
880,5,0,0.34057042,True
880,6,0,0.006847302,False
880,7,0,0.035440817,False
880,8,1,0.23295031,True
880,9,0,0.05053613,False
880,10,0,0.013115475,False
880,11,0,0.018968154,False
880,12,0,0.011759708,False
880,13,0,0.35777858,True
356,0,1,0.5389505,True
356,1,0,0.0343566,False
356,2,0,0.20431133,True
356,3,0,0.03621288,False
356,4,0,0.002188797,False
356,5,0,0.014407185,False
356,6,0,0.036461752,False
356,7,0,0.10339007,True
356,8,0,0.02075208,False
356,9,0,0.017147874,False
356,10,1,0.5041694,True
356,11,0,0.015965788,False
904,0,0,0.22060047,True
904,1,0,0.018915953,False
904,2,0,0.016374929,False
904,3,0,0.06539997,False
904,4,0,0.013420285,False
904,5,0,0.051424615,False
904,6,0,0.14699201,True
904,7,0,0.014005674,False
904,8,0,0.004905066,False
904,9,0,0.37663972,True
904,10,1,0.35324013,True
904,11,0,0.016693594,False
904,12,0,0.13877025,True
1114,0,0,0.0800124,True
1114,1,0,0.2712057,True
1114,2,0,9.081149e-05,False
1114,3,0,0.037589103,False
1114,4,1,0.63571674,True
1114,5,0,0.33412737,True
1114,6,0,0.004137908,False
1114,7,0,0.017751358,False
1114,8,0,0.026189027,False
1114,9,0,0.0153452065,False
1114,10,0,0.03371033,False
1114,11,0,0.07502575,False
1114,12,0,0.13167556,True
1114,13,0,0.09413586,True
1114,14,0,0.120119445,True
1114,15,0,0.07376513,False
1114,16,0,0.013472324,False
279,0,0,0.489254,True
279,1,0,0.11381348,True
279,2,0,0.04654302,False
279,3,0,0.029198296,False
279,4,0,0.013138683,False
279,5,1,0.04967225,False
279,6,0,0.049980253,False
279,7,0,0.043138072,False
279,8,1,0.06189715,False
279,9,0,0.048922323,False
279,10,0,0.07963486,True
279,11,0,0.033782214,False
279,12,0,0.036057465,False
965,0,0,0.031580977,False
965,1,0,0.04176844,False
965,2,0,0.031862333,False
965,3,0,0.021423956,False
965,4,0,0.016631667,False
965,5,0,0.064674206,False
965,6,0,0.06717843,False
965,7,0,0.30116647,True
965,8,0,0.00057014805,False
965,9,0,0.009991745,False
965,10,0,0.20501402,True
965,11,0,0.035098083,False
965,12,0,0.010016578,False
965,13,1,0.032073785,False
325,0,0,0.40925562,True
325,1,0,0.039491426,False
325,2,0,0.023265861,False
325,3,0,0.034361236,False
325,4,0,0.005014698,False
325,5,0,0.009527235,False
325,6,0,0.043663703,False
325,7,1,0.3031451,True
325,8,0,0.073209584,False
325,9,0,0.0048744064,False
325,10,0,0.021391809,False
325,11,0,0.012155974,False
325,12,0,0.46361125,True
988,0,1,0.010619239,False
988,1,1,0.022009216,False
988,2,0,0.009652651,False
988,3,0,0.03441954,False
988,4,0,0.20864685,True
988,5,0,0.19314952,True
988,6,0,0.15258212,True
988,7,0,0.056090284,False
988,8,0,0.12126763,True
988,9,0,0.07397159,False
988,10,0,0.24901447,True
988,11,0,0.026573086,False
988,12,0,0.016089289,False
988,13,0,0.020485276,False
988,14,0,0.07493094,False
938,0,0,0.0050168973,False
938,1,1,0.5196205,True
938,2,0,0.0018392,False
938,3,0,0.04691369,False
938,4,0,0.31461552,True
938,5,0,0.00030645455,False
938,6,0,0.06331538,False
938,7,0,0.08344872,True
938,8,0,0.041511983,False
938,9,0,0.08404154,True
938,10,0,0.079264715,True
938,11,0,0.0002282023,False
938,12,0,0.0033906468,False
938,13,0,0.0014612881,False
938,14,0,0.00070705754,False
938,15,0,0.005309004,False
938,16,0,0.052148435,False
938,17,0,0.00031718233,False
938,18,0,0.0076858755,False
938,19,0,0.0016709013,False
938,20,0,0.0004826703,False
61,0,0,0.14561798,True
61,1,1,0.5487099,True
61,2,0,0.19249292,True
61,3,0,0.0040284847,False
61,4,0,0.016986689,False
61,5,0,0.008773861,False
61,6,0,0.012525997,False
61,7,0,0.031619307,False
61,8,0,0.082879186,True
61,9,0,0.109747715,True
61,10,0,0.053043354,False
61,11,0,0.037307557,False
1074,0,0,0.45518807,True
1074,1,0,0.027843498,False
1074,2,0,0.03937121,False
1074,3,0,0.03976924,False
1074,4,0,0.029903557,False
1074,5,0,0.015004246,False
1074,6,0,0.02780786,False
1074,7,1,0.0853765,True
1074,8,0,0.016610313,False
1074,9,0,0.024683453,False
1074,10,0,0.10061276,True
1074,11,1,0.124651544,True
1074,12,0,0.15074651,True
1074,13,0,0.07895097,True
1074,14,0,0.06466909,False
370,0,1,0.49907765,True
370,1,0,0.025916116,False
370,2,0,0.07454441,False
370,3,0,0.0021834509,False
370,4,0,0.0132022565,False
370,5,0,0.0017511018,False
370,6,0,0.005520341,False
370,7,0,0.065572634,False
370,8,0,0.08640163,True
370,9,0,0.027372923,False
370,10,0,0.02721384,False
370,11,1,0.3341759,True
1028,0,0,0.0021600483,False
1028,1,0,0.32492304,True
1028,2,0,0.0008967158,False
1028,3,0,0.0108403815,False
1028,4,0,0.01232188,False
1028,5,0,0.04389638,False
1028,6,1,0.2470011,True
1028,7,0,0.018041916,False
1028,8,0,0.0682924,False
1028,9,0,1.543799e-05,False
1028,10,0,0.100068085,True
1028,11,0,0.0037057297,False
1028,12,0,0.011752096,False
1028,13,0,0.016231133,False
1028,14,0,0.031235028,False
1028,15,0,0.03539702,False
1028,16,0,0.016628174,False
1028,17,0,0.037873298,False
1028,18,0,0.0062431344,False
1095,0,0,0.025839599,False
1095,1,0,0.17307787,True
1095,2,0,0.003581853,False
1095,3,0,0.0041074045,False
1095,4,0,0.027185991,False
1095,5,0,0.020361865,False
1095,6,0,0.12854265,True
1095,7,0,0.02772968,False
1095,8,0,0.15004176,True
1095,9,0,0.11834233,True
1095,10,0,0.000101694306,False
1095,11,1,0.04112665,False
1095,12,1,0.024344835,False
1095,13,0,6.831829e-05,False
1095,14,0,0.035502035,False
1095,15,0,0.0077693053,False
187,0,0,0.33220333,True
187,1,0,0.19459753,True
187,2,0,0.053555127,False
187,3,0,0.020881427,False
187,4,0,0.010683371,False
187,5,0,0.02409058,False
187,6,1,0.2479763,True
187,7,0,0.008964973,False
187,8,0,0.00045034025,False
187,9,0,0.15244897,True
187,10,0,0.01652197,False
187,11,0,0.0003850965,False
187,12,0,0.016247923,False
187,13,0,0.04172506,False
363,0,0,0.0019072935,False
363,1,1,0.31721723,True
363,2,0,0.03274337,False
363,3,1,0.39898777,True
363,4,0,0.008515887,False
363,5,0,0.01704324,False
363,6,0,0.046152495,False
363,7,0,0.03312208,False
363,8,0,0.018433975,False
363,9,0,0.6027818,True
363,10,0,0.03576294,False
363,11,0,0.018022036,False
464,0,0,0.047758665,False
464,1,0,0.028123403,False
464,2,0,0.096345805,True
464,3,0,0.011205877,False
464,4,0,0.010754103,False
464,5,0,0.0127571765,False
464,6,0,0.017662978,False
464,7,0,0.02176477,False
464,8,0,0.45441726,True
464,9,0,0.00052545086,False
464,10,0,0.0027235341,False
464,11,1,0.6334248,True
464,12,0,0.0016944798,False
404,0,0,0.34217557,True
404,1,0,0.051434968,False
404,2,0,0.07307179,False
404,3,0,5.8135996e-05,False
404,4,0,0.05468937,False
404,5,0,0.020453561,False
404,6,0,0.07200819,False
404,7,0,0.02693456,False
404,8,0,0.009587925,False
404,9,0,0.0006610772,False
404,10,0,0.020374367,False
404,11,0,0.0010459168,False
404,12,0,0.0012120983,False
404,13,0,0.0033941807,False
404,14,0,0.00757731,False
404,15,0,0.0012296782,False
404,16,0,0.0057890243,False
404,17,0,0.0042424696,False
404,18,0,0.007962745,False
404,19,0,0.02508904,False
404,20,1,0.4100715,True
1165,0,0,0.3728639,True
1165,1,0,0.010150423,False
1165,2,1,0.30022725,True
1165,3,0,0.03035397,False
1165,4,0,0.018497821,False
1165,5,0,0.046009537,False
1165,6,0,0.02746748,False
1165,7,0,0.025436787,False
1165,8,0,0.03726874,False
1165,9,0,0.010825504,False
1165,10,0,0.004856076,False
1165,11,0,0.063078925,False
1165,12,0,0.028718356,False
1165,13,0,0.0098381955,False
1165,14,0,0.011975815,False
1165,15,0,0.04222186,False
1165,16,0,0.00021242017,False
304,0,0,0.16672577,True
304,1,0,0.098211706,True
304,2,0,0.08864401,True
304,3,1,0.56104344,True
304,4,0,0.08321895,True
304,5,0,0.0048348787,False
304,6,0,0.0040222965,False
304,7,0,0.062249456,False
304,8,0,0.08093694,True
304,9,0,0.040235076,False
304,10,0,0.0050885393,False
963,0,1,0.15824427,True
963,1,0,0.07726131,False
963,2,0,0.0884801,True
963,3,0,0.121584505,True
963,4,0,0.043667745,False
963,5,0,0.08383562,True
963,6,0,0.061678074,False
963,7,0,0.14029494,True
963,8,0,0.01239141,False
963,9,0,0.043290455,False
963,10,0,0.17782089,True
963,11,0,0.0010953372,False
963,12,0,0.108165994,True
174,0,1,0.41036478,True
174,1,0,0.010140496,False
174,2,0,0.021894718,False
174,3,0,0.012597184,False
174,4,0,0.006345238,False
174,5,0,0.0026881923,False
174,6,0,0.044556424,False
174,7,0,0.042192888,False
174,8,0,0.07266758,False
174,9,0,0.00034244062,False
174,10,0,0.08392433,True
174,11,0,0.008279335,False
174,12,0,0.010879855,False
174,13,0,0.38980564,True
20,0,0,0.04315818,False
20,1,1,0.6006378,True
20,2,0,0.36490473,True
20,3,0,0.039272487,False
20,4,0,0.03151767,False
20,5,0,0.02638392,False
20,6,0,0.053260125,False
20,7,0,0.077151775,False
20,8,0,0.08008244,True
20,9,0,0.08851459,True
20,10,0,0.055500913,False
1153,0,0,0.4159292,True
1153,1,0,0.020314561,False
1153,2,1,0.8237794,True
1153,3,0,0.0049912035,False
1153,4,0,0.06721749,False
1153,5,0,0.09364551,True
1153,6,0,0.09267286,True
1153,7,0,0.058522705,False
1153,8,0,0.09753869,True
1153,9,0,0.06103634,False
1153,10,0,0.017021725,False
1153,11,0,0.021556335,False
1153,12,0,0.020912996,False
1153,13,0,0.08308957,True
584,0,0,0.022004962,False
584,1,0,0.0022813897,False
584,2,0,0.0008480124,False
584,3,0,0.011076479,False
584,4,0,4.7586844e-05,False
584,5,0,0.004050346,False
584,6,0,0.008876375,False
584,7,0,0.009725963,False
584,8,0,0.12842052,True
584,9,0,0.049506754,False
584,10,1,0.723144,True
584,11,0,1.3487656e-05,False
584,12,0,0.0030507166,False
584,13,0,0.0030507166,False
584,14,0,0.015386125,False
584,15,0,0.013054672,False
584,16,0,0.00249345,False
749,0,0,0.031187816,False
749,1,1,0.4157405,True
749,2,0,0.00016926398,False
749,3,0,0.0057290024,False
749,4,0,0.43598047,True
749,5,0,0.006491747,False
749,6,0,0.007471608,False
749,7,0,0.058850456,False
749,8,0,0.00091297156,False
749,9,0,0.0013461853,False
749,10,0,0.0012841644,False
749,11,0,0.12573119,True
749,12,0,0.053034898,False
749,13,0,5.999568e-05,False
749,14,0,0.00049419794,False
749,15,0,0.002158686,False
749,16,0,0.071634136,False
749,17,0,0.03004034,False
749,18,0,0.02648684,False
749,19,0,0.046029586,False
1105,0,1,0.26125556,True
1105,1,0,0.024635982,False
1105,2,0,0.049689036,False
1105,3,0,0.08126736,True
1105,4,0,0.053275578,False
1105,5,0,0.046886366,False
1105,6,1,0.65378386,True
1105,7,0,0.030755607,False
1105,8,0,0.07973896,True
1105,9,0,0.0961123,True
1105,10,0,0.071594924,False
1105,11,0,0.040897913,False
54,0,0,0.19957197,True
54,1,0,0.014624517,False
54,2,0,0.008806088,False
54,3,0,0.0041853394,False
54,4,0,0.0063236794,False
54,5,0,0.02755954,False
54,6,1,0.96309316,True
54,7,0,0.0003728834,False
54,8,0,0.009735006,False
54,9,0,0.036714803,False
54,10,0,0.14280935,True
54,11,0,0.009464719,False
54,12,0,0.015746012,False
54,13,0,0.0005804689,False
1138,0,0,0.3230303,True
1138,1,0,0.010909452,False
1138,2,0,0.012889106,False
1138,3,0,0.030295774,False
1138,4,0,0.027526656,False
1138,5,0,0.5974119,True
1138,6,0,0.042213,False
1138,7,1,0.2498125,True
1138,8,0,0.03881059,False
1138,9,0,0.053671647,False
1138,10,0,0.056313243,False
1138,11,0,0.044500083,False
1138,12,0,0.047351383,False
1138,13,0,0.03624469,False
1138,14,0,0.040362433,False
1138,15,0,0.30872354,True
622,0,0,0.2410457,True
622,1,0,0.2860382,True
622,2,1,0.5229182,True
622,3,0,0.012349808,False
622,4,0,0.025448337,False
622,5,0,0.070462294,False
622,6,0,0.016637744,False
622,7,0,0.0036048703,False
622,8,0,0.047669664,False
622,9,0,0.12253805,True
622,10,0,0.0005001316,False
622,11,0,0.10680972,True
622,12,0,0.019861635,False
622,13,0,0.001958241,False
622,14,0,0.020096526,False
577,0,0,0.33716407,True
577,1,1,0.2500936,True
577,2,0,0.023126416,False
577,3,0,0.029221669,False
577,4,0,0.016014976,False
577,5,0,0.28379953,True
577,6,0,0.00029941075,False
577,7,0,0.15692738,True
577,8,0,0.021216018,False
577,9,0,0.06804752,False
577,10,0,0.14103979,True
577,11,0,0.12504876,True
577,12,0,0.02781833,False
577,13,0,0.021908768,False
27,0,0,0.18186675,True
27,1,0,0.20857434,True
27,2,0,0.013381733,False
27,3,0,0.026492508,False
27,4,0,0.041805718,False
27,5,0,0.014189258,False
27,6,0,0.0018995997,False
27,7,1,0.4210901,True
27,8,0,0.082965426,True
27,9,0,0.168343,True
27,10,0,0.00045380346,False
27,11,0,0.07061079,False
27,12,0,0.0054688076,False
677,0,0,0.012806014,False
677,1,0,0.41041178,True
677,2,0,0.005241732,False
677,3,0,0.2119452,True
677,4,0,3.2811135e-05,False
677,5,0,0.070957646,False
677,6,0,0.06803483,False
677,7,0,0.0054781623,False
677,8,0,0.0038970842,False
677,9,0,0.008571972,False
677,10,0,0.011074302,False
677,11,0,0.013562653,False
677,12,0,0.024359899,False
677,13,1,0.03154595,False
677,14,0,0.09417971,True
677,15,0,0.022141282,False
677,16,0,0.0031370225,False
385,0,0,0.40470216,True
385,1,0,0.048499465,False
385,2,0,0.036912475,False
385,3,0,0.05078101,False
385,4,0,0.0045255735,False
385,5,0,0.0012709595,False
385,6,0,0.042900503,False
385,7,0,0.10549064,True
385,8,1,0.17776446,True
385,9,0,0.015351064,False
385,10,0,0.0038497145,False
385,11,0,0.023953505,False
385,12,0,0.014813802,False
385,13,0,0.42535383,True
433,0,0,0.1472843,True
433,1,0,0.17552067,True
433,2,0,0.110435985,True
433,3,0,0.10070496,True
433,4,0,0.059084117,False
433,5,0,0.04389635,False
433,6,0,0.063047126,False
433,7,0,0.022882354,False
433,8,0,0.007818111,False
433,9,0,0.0047770604,False
433,10,1,0.58969337,True
433,11,1,0.13730851,True
616,0,1,0.16239814,True
616,1,1,0.035139363,False
616,2,0,0.1269609,True
616,3,0,0.0333818,False
616,4,0,0.068495326,False
616,5,1,0.6367141,True
616,6,0,8.56698e-05,False
616,7,0,0.009015873,False
616,8,0,0.005971059,False
616,9,0,0.012073903,False
616,10,0,0.001322635,False
616,11,0,0.00019893506,False
616,12,0,0.08704213,True
616,13,0,0.0013092571,False
616,14,0,0.00018412256,False
616,15,0,0.012059056,False
450,0,0,0.10423472,True
450,1,0,0.20652045,True
450,2,0,0.13909802,True
450,3,0,0.110488586,True
450,4,0,0.04760126,False
450,5,0,0.06110434,False
450,6,0,0.13877816,True
450,7,0,0.12917462,True
450,8,0,0.18203288,True
450,9,1,0.3464125,True
450,10,0,0.1477716,True
1119,0,0,3.547686e-05,False
1119,1,0,0.18072069,True
1119,2,0,0.08333735,True
1119,3,0,0.0003100395,False
1119,4,0,0.012466519,False
1119,5,0,0.003781719,False
1119,6,0,0.0023992094,False
1119,7,0,0.004575184,False
1119,8,1,0.9151228,True
1119,9,0,0.00062828563,False
1119,10,0,0.0025625606,False
1119,11,0,0.0066570174,False
1119,12,0,0.044711348,False
1119,13,0,0.00085321354,False
1119,14,0,0.0008259384,False
1119,15,0,0.0036935653,False
1119,16,0,0.00910668,False
1119,17,0,0.009924572,False
1119,18,0,0.00042975156,False
382,0,0,0.57342607,True
382,1,0,0.02541158,False
382,2,0,0.026789162,False
382,3,0,0.02287945,False
382,4,0,0.009694949,False
382,5,0,0.12102728,True
382,6,0,0.025012888,False
382,7,0,0.35819334,True
382,8,0,0.011003628,False
382,9,0,0.014221122,False
382,10,0,0.04439748,False
382,11,1,0.2749445,True
382,12,1,0.027505223,False
593,0,0,0.0034650397,False
593,1,1,0.6519471,True
593,2,0,0.1961415,True
593,3,0,0.002545588,False
593,4,0,0.022936258,False
593,5,0,0.02623106,False
593,6,0,0.023011586,False
593,7,0,0.0849146,True
593,8,0,0.022547012,False
593,9,0,0.043169446,False
593,10,0,0.10093655,True
593,11,0,0.10381151,True
593,12,0,0.14106639,True
593,13,0,0.044172045,False
983,0,0,0.12545913,True
983,1,1,0.5480676,True
983,2,0,0.0088972235,False
983,3,0,0.020727303,False
983,4,0,0.034291256,False
983,5,0,0.053779814,False
983,6,0,0.00974384,False
983,7,0,0.010497106,False
983,8,0,0.008946913,False
983,9,0,0.00014981626,False
983,10,0,0.0001810091,False
983,11,0,0.00014981626,False
983,12,0,0.011670384,False
983,13,0,0.06558354,False
983,14,0,0.021594672,False
983,15,0,0.011668782,False
842,0,0,0.0050333044,False
842,1,1,0.14886001,True
842,2,0,0.001760257,False
842,3,0,0.0055821296,False
842,4,0,0.13704512,True
842,5,0,0.055800263,False
842,6,0,0.02537395,False
842,7,0,0.100266404,True
842,8,0,0.041768663,False
842,9,0,0.005657027,False
842,10,0,0.030143548,False
842,11,0,0.015781606,False
842,12,0,0.02530761,False
842,13,0,0.0038012571,False
842,14,0,0.0004394364,False
842,15,0,0.016430035,False
842,16,1,0.0100666,False
884,0,0,0.0056684245,False
884,1,0,0.4074129,True
884,2,0,0.018806094,False
884,3,1,0.45723182,True
884,4,0,0.0061093234,False
884,5,0,0.35504022,True
884,6,0,0.00637493,False
884,7,0,0.024946736,False
884,8,0,0.06425058,False
884,9,0,0.12805156,True
884,10,0,0.104048,True
884,11,0,0.02044135,False
410,0,1,0.017861364,False
410,1,1,0.05701166,False
410,2,0,0.9069434,True
410,3,0,0.0003779671,False
410,4,1,0.07332311,False
410,5,0,0.035428453,False
410,6,0,0.0816461,True
410,7,0,0.028320156,False
410,8,0,0.04918299,False
410,9,0,0.09088072,True
410,10,0,0.019988982,False
590,0,0,0.016713258,False
590,1,0,0.16835764,True
590,2,0,0.015589003,False
590,3,0,0.31472337,True
590,4,0,0.016378224,False
590,5,0,0.00093045086,False
590,6,0,8.0950806e-05,False
590,7,0,0.010150955,False
590,8,0,9.306789e-05,False
590,9,0,0.03427159,False
590,10,0,0.0011104663,False
590,11,0,0.0005315695,False
590,12,0,0.0009263544,False
590,13,0,0.00010645841,False
590,14,1,0.27877766,True
590,15,0,3.188853e-05,False
590,16,0,0.019101549,False
590,17,0,0.29850325,True
590,18,0,0.07892361,True
590,19,0,0.00011096879,False
590,20,0,0.044788238,False
309,0,0,0.07770118,False
309,1,0,0.009993595,False
309,2,0,0.013853572,False
309,3,0,0.0153057,False
309,4,0,0.011480712,False
309,5,0,0.23266642,True
309,6,0,0.078273,False
309,7,0,0.05451329,False
309,8,0,0.023349542,False
309,9,0,0.07472535,False
309,10,1,0.38856238,True
418,0,0,0.1426895,True
418,1,0,0.045493506,False
418,2,0,0.08774347,True
418,3,0,0.07757774,False
418,4,0,0.06427269,False
418,5,1,0.36232388,True
418,6,0,0.0017491657,False
418,7,0,0.09021008,True
418,8,0,0.06599626,False
418,9,0,0.06619947,False
418,10,0,0.071327515,False
107,0,0,0.0011297297,False
107,1,0,0.11542049,True
107,2,0,0.0044450886,False
107,3,0,0.003061396,False
107,4,0,0.00020588508,False
107,5,1,0.51879,True
107,6,0,0.01012027,False
107,7,0,0.07399251,False
107,8,0,0.11696432,True
107,9,0,0.02033973,False
107,10,0,0.110583946,True
107,11,0,0.075323366,False
107,12,0,0.0056568203,False
107,13,0,0.0036943008,False
107,14,0,1.04553965e-05,False
107,15,0,0.0032990826,False
107,16,0,0.007957537,False
107,17,0,2.795069e-05,False
1009,0,0,0.019214919,False
1009,1,0,0.03688607,False
1009,2,0,9.649766e-05,False
1009,3,0,0.0016612263,False
1009,4,0,0.0026844698,False
1009,5,0,0.021652792,False
1009,6,0,0.0023442507,False
1009,7,0,0.0013635507,False
1009,8,1,0.44923893,True
1009,9,0,0.007210102,False
1009,10,0,0.49037308,True
1009,11,0,6.769952e-05,False
1009,12,0,0.004318883,False
1009,13,0,0.010625804,False
1009,14,0,0.011646242,False
1009,15,0,0.0126467645,False
1009,16,0,0.008056491,False
1009,17,0,0.020591643,False
1009,18,0,0.19427437,True
650,0,0,0.008453925,False
650,1,1,0.24444844,True
650,2,0,0.0063293213,False
650,3,0,0.036228206,False
650,4,0,0.003621565,False
650,5,0,0.033760235,False
650,6,0,0.078640014,False
650,7,0,0.1326525,True
650,8,0,0.07134675,False
650,9,0,0.0039362055,False
650,10,0,0.0002584289,False
650,11,0,0.13515918,True
650,12,0,0.063276984,False
650,13,0,0.39866832,True
650,14,0,0.20390043,True
650,15,0,0.08436949,True
463,0,0,0.03580967,False
463,1,0,0.013497636,False
463,2,0,0.007928822,False
463,3,0,0.020485168,False
463,4,0,0.022098852,False
463,5,0,0.32885745,True
463,6,1,0.7855823,True
463,7,1,0.49620003,True
463,8,0,0.4354378,True
463,9,0,0.0007319137,False
463,10,0,0.017572775,False
463,11,0,0.27645537,True
463,12,0,0.009445618,False
1056,0,0,0.042355623,False
1056,1,0,0.5173093,True
1056,2,0,0.0003665913,False
1056,3,0,0.0046504154,False
1056,4,0,0.0072762673,False
1056,5,0,0.0012959822,False
1056,6,0,0.0015546704,False
1056,7,0,0.10142737,True
1056,8,0,0.052714746,False
1056,9,0,0.0013905102,False
1056,10,0,0.008612197,False
1056,11,1,0.24553593,True
1056,12,0,0.0103029655,False
1056,13,0,0.0057224925,False
1056,14,0,0.025621057,False
1056,15,0,0.024677563,False
1056,16,0,5.43365e-05,False
434,0,0,0.014740263,False
434,1,0,0.0054897377,False
434,2,0,0.01809932,False
434,3,0,0.026061086,False
434,4,0,0.016040659,False
434,5,0,0.04140963,False
434,6,0,0.07912216,True
434,7,0,0.06072469,False
434,8,0,0.038769644,False
434,9,1,0.34774482,True
434,10,0,0.00020318273,False
434,11,0,0.12688148,True
434,12,0,0.41899967,True
1221,0,0,0.41031095,True
1221,1,0,0.020453043,False
1221,2,0,0.15179388,True
1221,3,0,0.00016111892,False
1221,4,0,0.034597997,False
1221,5,0,0.12564081,True
1221,6,0,0.04006561,False
1221,7,0,0.1382071,True
1221,8,0,0.03899482,False
1221,9,0,0.02189937,False
1221,10,0,0.08569786,True
1221,11,0,0.12283894,True
1221,12,1,0.07753569,False
1221,13,0,0.001785789,False
1221,14,0,0.050330725,False
1221,15,0,0.048918862,False
1221,16,0,0.24317814,True
417,0,0,0.035625238,False
417,1,0,0.10435541,True
417,2,1,0.07113517,False
417,3,0,0.16183603,True
417,4,0,0.10236064,True
417,5,0,0.072640896,False
417,6,0,0.053122796,False
417,7,0,0.051224932,False
417,8,0,0.050363053,False
417,9,0,0.6130886,True
417,10,0,0.0017382198,False
350,0,0,0.016962968,False
350,1,1,0.4717273,True
350,2,0,0.029357072,False
350,3,0,0.47882074,True
350,4,0,0.0149605,False
350,5,0,0.019760085,False
350,6,1,0.008368316,False
350,7,0,0.023175126,False
350,8,0,0.2874219,True
350,9,0,0.020069271,False
350,10,0,0.01791774,False
350,11,0,0.019616341,False
350,12,0,0.071475066,False
350,13,0,0.01786795,False
350,14,0,0.013388005,False
1118,0,0,0.38216245,True
1118,1,0,0.035200834,False
1118,2,0,0.027641648,False
1118,3,0,0.065015465,False
1118,4,0,0.037496336,False
1118,5,0,0.019642273,False
1118,6,0,0.29438344,True
1118,7,0,0.0076896115,False
1118,8,0,0.026219856,False
1118,9,1,0.05881697,False
1118,10,0,0.0043566553,False
1118,11,0,0.0041688364,False
1118,12,0,0.00017800377,False
1118,13,0,0.029849686,False
1118,14,0,0.0037824037,False
1118,15,0,0.0023291847,False
775,0,0,0.13984834,True
775,1,0,0.13901584,True
775,2,0,0.03805022,False
775,3,0,0.0026883304,False
775,4,0,0.009665688,False
775,5,0,0.022992726,False
775,6,0,0.014007603,False
775,7,1,0.40889928,True
775,8,0,0.027435927,False
775,9,1,0.25246447,True
775,10,0,0.014192313,False
775,11,0,0.010880947,False
775,12,0,0.39910328,True
775,13,0,0.008265776,False
388,0,0,0.4131825,True
388,1,0,0.037316643,False
388,2,1,0.7000522,True
388,3,0,9.1434944e-05,False
388,4,0,0.007715729,False
388,5,0,0.48211378,True
388,6,0,0.014071378,False
388,7,0,0.40346125,True
388,8,0,0.015068665,False
388,9,0,0.009672861,False
388,10,0,0.0046591815,False
388,11,0,0.096352816,True
388,12,0,0.019498881,False
388,13,0,0.0048336056,False
388,14,0,0.02696348,False
388,15,0,0.015476227,False
69,0,0,0.7592147,True
69,1,0,0.0160654,False
69,2,1,0.42924282,True
69,3,0,0.024367463,False
69,4,0,0.010084891,False
69,5,0,0.00860477,False
69,6,0,0.006311658,False
69,7,0,0.004207511,False
69,8,0,0.005529645,False
69,9,0,0.010160187,False
69,10,0,0.30157167,True
69,11,0,0.003475853,False
69,12,0,6.622881e-05,False
69,13,0,0.0028799386,False
69,14,0,0.0068846997,False
263,0,1,0.42826885,True
263,1,0,0.030464701,False
263,2,0,0.022401989,False
263,3,0,0.019754194,False
263,4,0,0.02225787,False
263,5,1,0.40967166,True
263,6,0,0.15069456,True
263,7,0,0.26211947,True
263,8,0,0.027159648,False
263,9,0,0.03420375,False
772,0,0,0.06771408,False
772,1,0,0.06930888,False
772,2,0,0.012268687,False
772,3,0,0.016616795,False
772,4,0,0.016210025,False
772,5,0,0.26985005,True
772,6,0,0.0044811335,False
772,7,0,0.038220003,False
772,8,1,0.9841793,True
772,9,0,0.00042256227,False
772,10,0,0.008908322,False
772,11,0,0.011398166,False
772,12,0,0.006284459,False
772,13,0,0.20253165,True
536,0,0,0.13813376,True
536,1,1,0.6135057,True
536,2,0,0.00569373,False
536,3,0,0.01140224,False
536,4,0,0.06619225,False
536,5,0,0.03508623,False
536,6,0,0.05032694,False
536,7,0,0.09054167,True
536,8,0,0.11219011,True
536,9,0,0.10171035,True
536,10,0,0.09254592,True
536,11,0,0.06055086,False
536,12,0,0.021825904,False
536,13,0,0.007497115,False
536,14,0,0.012428056,False
813,0,0,0.010040125,False
813,1,1,0.13934962,True
813,2,0,0.0058771474,False
813,3,0,0.005666103,False
813,4,0,0.5689613,True
813,5,0,0.19326353,True
813,6,0,0.00022950211,False
813,7,0,0.008677901,False
813,8,0,0.014806301,False
813,9,0,0.053466603,False
813,10,0,0.044206724,False
813,11,0,0.056771986,False
813,12,0,0.020279132,False
413,0,0,0.11655277,True
413,1,0,0.23439047,True
413,2,0,0.15067074,True
413,3,0,0.048801847,False
413,4,0,0.06477094,False
413,5,1,0.16137744,True
413,6,1,0.096065104,True
413,7,0,0.105764136,True
413,8,1,0.19063397,True
413,9,0,0.12408058,True
413,10,0,0.108389944,True
995,0,0,0.5229273,True
995,1,0,0.053207982,False
995,2,0,0.10129104,True
995,3,0,0.03300845,False
995,4,0,0.03285117,False
995,5,0,0.086315535,True
995,6,0,0.06885001,False
995,7,0,0.03986775,False
995,8,0,0.00015095799,False
995,9,1,0.0112330625,False
995,10,0,0.21508345,True
995,11,0,6.768596e-05,False
995,12,0,0.03435815,False
995,13,0,0.016392564,False
995,14,0,0.05027439,False
995,15,0,0.03356298,False
478,0,0,0.012448521,False
478,1,0,0.0111899,False
478,2,0,0.01987091,False
478,3,1,0.55344254,True
478,4,0,0.0007789317,False
478,5,0,0.0048500933,False
478,6,0,0.28657854,True
478,7,0,0.009463052,False
478,8,0,0.015018754,False
478,9,0,0.016668683,False
478,10,0,0.3708026,True
478,11,0,0.011926266,False
478,12,0,0.01714507,False
440,0,0,0.043468643,False
440,1,1,0.6074623,True
440,2,0,0.00029366554,False
440,3,0,0.002551326,False
440,4,0,0.32747024,True
440,5,0,0.0022882225,False
440,6,0,0.0023346038,False
440,7,0,0.008898745,False
440,8,0,0.0019724343,False
440,9,0,0.0105228685,False
440,10,0,0.0033459046,False
440,11,0,0.028102046,False
440,12,0,0.000187201,False
440,13,0,4.716982e-06,False
231,0,0,0.0027445978,False
231,1,0,0.3468765,True
231,2,0,0.03392361,False
231,3,0,0.00438892,False
231,4,0,0.01839469,False
231,5,0,0.08900517,True
231,6,0,0.083568975,True
231,7,0,0.08052792,True
231,8,0,0.033136904,False
231,9,0,0.03240373,False
231,10,1,0.67208487,True
231,11,0,0.0019515537,False
682,0,1,0.43970552,True
682,1,0,0.010663985,False
682,2,0,0.2614222,True
682,3,0,0.0004805457,False
682,4,0,0.12726234,True
682,5,0,0.07397592,False
682,6,0,0.007798687,False
682,7,0,0.0128216315,False
682,8,0,0.010500173,False
682,9,0,0.012237188,False
682,10,1,0.29800636,True
682,11,0,0.007229176,False
682,12,0,0.0075680423,False
682,13,0,0.28333217,True
682,14,0,0.008574988,False
394,0,0,0.046128225,False
394,1,0,0.011754749,False
394,2,0,0.044103656,False
394,3,0,0.010555637,False
394,4,0,0.035159312,False
394,5,1,0.7146475,True
394,6,0,0.0060343,False
394,7,0,0.123261884,True
394,8,0,0.11670895,True
394,9,0,5.4948192e-05,False
394,10,0,0.04634084,False
394,11,0,0.010565916,False
394,12,0,2.0393656e-05,False
394,13,0,0.086944416,True
394,14,0,0.057548795,False
394,15,0,5.2260144e-05,False
675,0,0,0.27880967,True
675,1,0,0.008464515,False
675,2,0,0.012881683,False
675,3,0,0.007402618,False
675,4,0,0.0055929846,False
675,5,0,0.15247394,True
675,6,0,0.018264957,False
675,7,1,0.67844415,True
675,8,1,0.5468776,True
675,9,0,0.0067282417,False
675,10,0,0.035105843,False
675,11,0,0.055887606,False
675,12,0,0.07877531,False
675,13,0,0.061346468,False
675,14,0,0.035395928,False
987,0,1,0.26613212,True
987,1,0,0.018782124,False
987,2,0,0.06684102,False
987,3,0,0.019355465,False
987,4,0,0.032995537,False
987,5,0,0.0638976,False
987,6,0,0.025654526,False
987,7,0,0.06953074,False
987,8,0,0.05306374,False
987,9,0,0.04287654,False
987,10,0,0.030819202,False
987,11,0,0.015302157,False
987,12,0,0.019305008,False
987,13,0,0.00959607,False
583,0,0,0.025113782,False
583,1,1,0.7196973,True
583,2,0,0.018248472,False
583,3,0,0.0047998023,False
583,4,0,0.020359684,False
583,5,0,0.6022173,True
583,6,0,0.111983106,True
583,7,0,0.015600825,False
583,8,0,0.019868137,False
583,9,0,0.016697353,False
583,10,0,0.0216975,False
583,11,0,0.018061604,False
583,12,0,0.021605222,False
583,13,0,0.023051558,False
583,14,0,0.057901505,False
710,0,0,0.000361405,False
710,1,0,0.3123335,True
710,2,0,0.0028053469,False
710,3,0,0.004480855,False
710,4,0,0.04165449,False
710,5,0,0.03205907,False
710,6,0,0.026703672,False
710,7,0,0.0022265392,False
710,8,0,0.011626219,False
710,9,1,0.54720426,True
710,10,0,0.008315566,False
710,11,0,0.1310816,True
710,12,0,0.0044324626,False
710,13,0,0.0020569633,False
348,0,0,0.29066038,True
348,1,0,0.013401306,False
348,2,0,0.017075319,False
348,3,0,0.06960848,False
348,4,0,0.0875486,True
348,5,0,0.027586587,False
348,6,0,0.07874634,False
348,7,1,0.074224964,False
348,8,0,0.002793488,False
348,9,0,0.18124801,True
348,10,0,0.0011079542,False
348,11,0,0.005342622,False
348,12,0,0.0014198363,False
348,13,1,0.004013027,False
348,14,0,0.033706877,False
348,15,1,0.0013903838,False
348,16,0,0.0017676398,False
348,17,0,2.6811973e-05,False
1183,0,0,0.04359711,False
1183,1,1,0.14691713,True
1183,2,0,0.006625224,False
1183,3,0,0.0052448036,False
1183,4,0,0.6518657,True
1183,5,0,0.114052735,True
1183,6,0,0.006644763,False
1183,7,0,0.0030446665,False
1183,8,0,0.015593401,False
1183,9,0,0.02461527,False
1183,10,0,0.010877782,False
1183,11,0,0.005997942,False
1183,12,0,0.075435795,False
1183,13,0,0.0068711964,False
1183,14,0,0.0022453747,False
1183,15,0,7.094832e-05,False
55,0,0,0.004730454,False
55,1,0,0.0015391624,False
55,2,0,0.46239635,True
55,3,0,0.030133465,False
55,4,0,0.4488894,True
55,5,0,0.006146286,False
55,6,0,0.0030967277,False
55,7,0,0.12932801,True
55,8,1,0.09936686,True
55,9,1,0.07264387,False
55,10,0,0.0019305447,False
632,0,0,0.20648682,True
632,1,0,0.029896304,False
632,2,0,0.019517347,False
632,3,0,0.027482865,False
632,4,0,0.08798932,True
632,5,0,0.093954355,True
632,6,0,0.0709719,False
632,7,0,0.005692243,False
632,8,0,0.022697017,False
632,9,0,0.0055387984,False
632,10,0,0.036701802,False
632,11,0,0.10099353,True
632,12,0,0.0035116202,False
632,13,1,0.45187774,True
632,14,0,0.016597023,False
632,15,0,0.009902359,False
632,16,0,0.00012009972,False
240,0,0,0.003258035,False
240,1,0,0.27582487,True
240,2,0,0.17977065,True
240,3,0,0.05550155,False
240,4,0,0.008467865,False
240,5,0,0.05779069,False
240,6,0,0.03830785,False
240,7,0,0.027815314,False
240,8,0,0.04053444,False
240,9,0,0.01543252,False
240,10,1,0.63029695,True
240,11,0,0.5051138,True
240,12,1,0.45562637,True
8,0,1,0.0060404637,False
8,1,1,0.122173466,True
8,2,0,0.045344993,False
8,3,0,0.11202795,True
8,4,0,0.26524493,True
8,5,0,0.028976277,False
8,6,0,0.086015575,True
8,7,0,0.18470162,True
8,8,0,0.14454114,True
8,9,0,0.072801955,False
8,10,0,0.034753654,False
8,11,0,0.07876422,False
166,0,0,0.08079572,True
166,1,0,0.6112764,True
166,2,0,0.03532069,False
166,3,0,0.104458496,True
166,4,0,0.00917309,False
166,5,0,0.019389648,False
166,6,0,0.017721958,False
166,7,0,0.025438039,False
166,8,0,0.009576589,False
166,9,0,0.0058499305,False
166,10,1,0.4502939,True
166,11,0,0.17128134,True
166,12,1,0.1946926,True
1108,0,0,0.103888005,True
1108,1,0,0.5226119,True
1108,2,0,0.016256439,False
1108,3,1,0.56524366,True
1108,4,0,0.0016237808,False
1108,5,0,0.0048114923,False
1108,6,0,0.0015485111,False
1108,7,0,0.0119078215,False
1108,8,0,0.018193487,False
1108,9,0,0.011213351,False
1108,10,0,0.0130399605,False
1108,11,0,0.14230663,True
1108,12,0,0.040709056,False
1108,13,0,0.23649931,True
1108,14,0,0.018955,False
1108,15,0,0.009074312,False
1108,16,0,0.01634087,False
1108,17,0,0.0009924967,False
1108,18,0,0.009086747,False
752,0,0,0.31394964,True
752,1,0,0.005219821,False
752,2,0,0.0104265325,False
752,3,0,0.003827857,False
752,4,0,0.0035017126,False
752,5,1,0.42002067,True
752,6,0,0.04605956,False
752,7,0,0.00528414,False
752,8,0,0.007856751,False
752,9,0,0.005332992,False
752,10,0,0.0072247838,False
752,11,0,0.0052476134,False
752,12,1,0.09101284,True
752,13,0,0.0033906822,False
752,14,0,0.033911906,False
752,15,0,0.004285975,False
752,16,0,0.33036593,True
752,17,0,0.0046985145,False
633,0,0,0.2540679,True
633,1,0,0.021254774,False
633,2,0,0.010679108,False
633,3,0,0.05570907,False
633,4,0,0.023950139,False
633,5,0,0.042025886,False
633,6,1,0.6173247,True
633,7,0,0.06368737,False
633,8,0,0.004605142,False
633,9,0,0.07407178,False
633,10,0,0.004834925,False
633,11,0,0.013501584,False
633,12,0,0.07400451,False
633,13,0,0.0036464306,False
633,14,0,0.27517578,True
633,15,0,0.01807491,False
633,16,0,0.021029236,False
489,0,0,0.06853775,False
489,1,0,0.042341143,False
489,2,0,0.04636853,False
489,3,0,0.033520896,False
489,4,0,0.036451176,False
489,5,0,0.033147518,False
489,6,0,0.04256272,False
489,7,1,0.38259995,True
489,8,0,0.3675499,True
489,9,0,0.04209731,False
489,10,0,0.3577462,True
489,11,0,0.22965354,True
16,0,0,3.407554e-05,False
16,1,0,0.006496993,False
16,2,0,0.0034228063,False
16,3,0,0.0101943165,False
16,4,0,0.035190158,False
16,5,0,0.019819075,False
16,6,0,0.007708497,False
16,7,0,0.0070330524,False
16,8,0,0.031026712,False
16,9,0,0.058594685,False
16,10,0,0.004875774,False
16,11,1,0.116501495,True
16,12,0,0.03508297,False
16,13,1,0.056007247,False
16,14,0,0.63061184,True
16,15,0,0.00024013408,False
16,16,0,0.10772796,True
812,0,1,0.032490864,False
812,1,0,0.53912526,True
812,2,0,0.00059134024,False
812,3,0,0.024012893,False
812,4,1,0.010568324,False
812,5,0,0.025958719,False
812,6,0,0.06309232,False
812,7,0,0.09070485,True
812,8,0,0.06154557,False
812,9,0,0.028849198,False
812,10,0,0.3101961,True
812,11,0,0.002173463,False
812,12,0,0.0018788342,False
76,0,0,0.0017317703,False
76,1,1,0.43744582,True
76,2,0,0.0023689202,False
76,3,0,0.005567258,False
76,4,0,0.14777927,True
76,5,0,0.14412329,True
76,6,0,0.040827487,False
76,7,0,0.07887947,True
76,8,0,0.18434718,True
76,9,0,0.014652857,False
76,10,0,0.002736039,False
76,11,0,0.07621308,False
76,12,0,0.03145295,False
76,13,0,0.00447238,False
76,14,0,2.0125202e-05,False
76,15,0,5.1345563e-05,False
76,16,0,0.041907605,False
1000,0,0,0.1909988,True
1000,1,0,0.044712562,False
1000,2,0,0.043880202,False
1000,3,0,0.017498758,False
1000,4,0,0.020145869,False
1000,5,0,0.02014368,False
1000,6,0,0.05229361,False
1000,7,0,0.061914016,False
1000,8,0,0.09280179,True
1000,9,0,0.07874436,False
1000,10,0,0.007919162,False
1000,11,0,0.0006421556,False
1000,12,0,0.0049065906,False
1000,13,0,5.2856776e-05,False
1000,14,0,0.10761427,True
1000,15,1,0.4749174,True
216,0,0,4.5897254e-05,False
216,1,0,0.0013351223,False
216,2,0,0.0005826687,False
216,3,0,0.0030606976,False
216,4,0,0.00069162063,False
216,5,0,0.00016817596,False
216,6,0,0.0022309686,False
216,7,0,0.00082291267,False
216,8,0,0.0012514526,False
216,9,0,8.111517e-05,False
216,10,0,0.015852539,False
216,11,0,0.0007299508,False
216,12,0,0.002010456,False
216,13,0,0.013154273,False
216,14,0,0.21948487,True
216,15,0,0.012603027,False
216,16,1,0.85088813,True
216,17,0,1.4607905e-05,False
216,18,0,0.013779305,False
216,19,0,0.0010829789,False
216,20,0,0.0018712959,False
705,0,0,0.008285758,False
705,1,0,0.011512772,False
705,2,0,0.009205225,False
705,3,0,0.007053141,False
705,4,0,0.020761695,False
705,5,0,0.067545965,False
705,6,0,0.037961327,False
705,7,0,0.0034084239,False
705,8,0,0.09479404,True
705,9,0,0.07756932,False
705,10,0,0.103204265,True
705,11,0,0.13185538,True
705,12,1,0.40742818,True
705,13,0,0.43327135,True
705,14,0,0.0414918,False
705,15,0,0.016719466,False
705,16,0,0.00019748081,False
705,17,0,0.007385756,False
957,0,0,0.054347586,False
957,1,0,0.05660386,False
957,2,0,0.043509156,False
957,3,0,0.038280953,False
957,4,0,0.06159057,False
957,5,0,0.004751266,False
957,6,0,0.062643565,False
957,7,0,0.023452755,False
957,8,0,0.018598905,False
957,9,0,0.03038002,False
957,10,1,0.7427857,True
957,11,0,0.00014644847,False
957,12,1,0.25811383,True
207,0,0,0.09033441,True
207,1,0,0.26762852,True
207,2,0,0.05825641,False
207,3,0,0.1633905,True
207,4,0,0.16389021,True
207,5,1,0.2924099,True
207,6,0,0.045815803,False
207,7,0,0.1348014,True
207,8,1,0.27399412,True
207,9,0,0.19629738,True
207,10,0,0.050031744,False
207,11,0,0.1028302,True
207,12,0,0.16567011,True
1081,0,0,0.120817885,True
1081,1,0,0.046261292,False
1081,2,0,0.015387556,False
1081,3,0,0.049582493,False
1081,4,0,0.031534318,False
1081,5,0,0.014799369,False
1081,6,0,0.013205679,False
1081,7,0,0.015171269,False
1081,8,0,0.13147278,True
1081,9,0,0.013498632,False
1081,10,1,0.2717007,True
1081,11,0,0.012971004,False
1081,12,0,0.028600268,False
1081,13,0,0.097029135,True
1081,14,0,0.12060982,True
1081,15,0,0.10099939,True
1081,16,0,0.005555125,False
1018,0,0,0.003876788,False
1018,1,0,0.0150478715,False
1018,2,0,0.005474859,False
1018,3,0,0.008635389,False
1018,4,0,0.02871801,False
1018,5,0,1.1012636e-05,False
1018,6,0,0.019860873,False
1018,7,0,0.0049953186,False
1018,8,0,0.003247488,False
1018,9,0,0.0046983142,False
1018,10,0,0.0067347395,False
1018,11,1,0.6368663,True
1018,12,0,0.0962694,True
1018,13,0,0.0020683852,False
1018,14,0,0.0010353753,False
1018,15,0,0.0013301198,False
1018,16,0,6.099012e-05,False
1018,17,0,4.77367e-05,False
1018,18,0,1.2825542e-05,False
1018,19,0,0.0005508786,False
1018,20,0,0.03368156,False
1018,21,0,2.605823e-05,False
928,0,1,0.28951636,True
928,1,0,0.07406987,False
928,2,0,0.1119833,True
928,3,0,0.027480742,False
928,4,0,0.0017512193,False
928,5,0,0.013016324,False
928,6,0,0.2540149,True
928,7,0,0.028376661,False
928,8,0,0.022913864,False
928,9,0,0.02327254,False
928,10,1,0.45872858,True
928,11,0,0.015010785,False
928,12,0,0.008334135,False
928,13,0,0.06193523,False
964,0,0,0.01252602,False
964,1,0,0.011776429,False
964,2,1,0.5484938,True
964,3,0,0.011202053,False
964,4,0,0.5410557,True
964,5,0,0.0004929947,False
964,6,0,0.016944999,False
964,7,0,0.008027558,False
964,8,0,0.032081045,False
964,9,0,0.025152406,False
964,10,0,0.009299828,False
964,11,0,0.015136918,False
964,12,0,0.042230275,False
838,0,0,0.17406808,True
838,1,0,0.0064129513,False
838,2,0,0.015633637,False
838,3,0,0.005952068,False
838,4,0,0.0008019052,False
838,5,0,0.004376361,False
838,6,0,0.045473777,False
838,7,0,0.0076414836,False
838,8,0,0.58181256,True
838,9,0,0.00010405624,False
838,10,0,0.04029736,False
838,11,0,0.028444849,False
838,12,0,0.006670381,False
838,13,0,0.043683887,False
838,14,0,0.007742151,False
838,15,1,0.2631366,True
419,0,0,0.06487497,False
419,1,0,0.03924604,False
419,2,0,0.013002866,False
419,3,0,0.06913531,False
419,4,0,0.014844753,False
419,5,0,0.081054136,True
419,6,1,0.8112812,True
419,7,0,0.00041485418,False
419,8,0,0.030637302,False
419,9,0,0.056997094,False
419,10,0,0.040516403,False
768,0,0,0.013562181,False
768,1,0,0.008411549,False
768,2,0,0.33882186,True
768,3,0,0.025672942,False
768,4,0,0.09285171,True
768,5,1,0.6401949,True
768,6,0,0.00035480282,False
768,7,0,0.012658553,False
768,8,1,0.07458375,False
768,9,0,0.04721181,False
768,10,0,0.021292737,False
768,11,0,0.035826143,False
768,12,0,0.03770262,False
768,13,0,0.022716392,False
211,0,0,0.03067047,False
211,1,0,0.047018465,False
211,2,0,0.022837348,False
211,3,0,0.070462435,False
211,4,0,0.30879956,True
211,5,0,0.022696482,False
211,6,0,0.066175476,False
211,7,0,0.15517181,True
211,8,0,0.12334751,True
211,9,0,0.120019615,True
211,10,1,0.06752247,False
211,11,0,0.0798752,True
211,12,0,0.036220297,False
211,13,0,0.06789268,False
211,14,0,0.17716263,True
1022,0,0,0.44831362,True
1022,1,0,0.038048442,False
1022,2,0,0.01030443,False
1022,3,0,0.021825995,False
1022,4,0,0.08458392,True
1022,5,0,0.08821169,True
1022,6,0,0.013073867,False
1022,7,0,0.014171434,False
1022,8,0,0.029969962,False
1022,9,0,0.04898825,False
1022,10,0,0.017782722,False
1022,11,1,0.35454637,True
1022,12,0,0.063406624,False
1022,13,0,0.11190719,True
1022,14,0,0.06333339,False
168,0,0,0.0003922545,False
168,1,1,0.09312957,True
168,2,0,0.03678558,False
168,3,0,0.034691803,False
168,4,0,0.014255032,False
168,5,1,0.18699746,True
168,6,0,0.012467968,False
168,7,0,0.014578412,False
168,8,0,0.048722334,False
168,9,0,0.09507888,True
168,10,0,0.024264868,False
168,11,0,0.031354655,False
168,12,0,0.38815784,True
750,0,0,0.36308587,True
750,1,0,0.017559221,False
750,2,0,0.018147055,False
750,3,1,0.009834251,False
750,4,0,0.020137632,False
750,5,0,0.100087106,True
750,6,0,0.005150257,False
750,7,0,0.008597341,False
750,8,0,0.0099654365,False
750,9,0,0.012364101,False
750,10,0,0.01067377,False
750,11,1,0.17395428,True
750,12,0,0.009883635,False
750,13,0,0.090725005,True
750,14,0,0.016874196,False
750,15,0,0.3886063,True
750,16,0,0.006758266,False
115,0,0,0.13712205,True
115,1,0,0.34282646,True
115,2,0,0.039516617,False
115,3,0,0.0066557154,False
115,4,1,0.71180093,True
115,5,0,0.0003529884,False
115,6,0,0.007920365,False
115,7,0,0.008349633,False
115,8,0,0.007068827,False
115,9,0,0.0038284864,False
115,10,0,0.0004953586,False
115,11,0,0.004309416,False
115,12,0,0.027912805,False
115,13,0,0.0063376455,False
115,14,0,0.0026566994,False
115,15,0,0.034631137,False
115,16,0,0.10015236,True
115,17,0,0.09225606,True
115,18,0,0.114711426,True
456,0,0,0.14677617,True
456,1,0,0.081194825,True
456,2,0,0.23116072,True
456,3,0,0.016248418,False
456,4,0,0.14005744,True
456,5,0,0.009422073,False
456,6,0,0.09191369,True
456,7,0,0.14628498,True
456,8,0,0.063301735,False
456,9,0,0.19399081,True
456,10,1,0.49282333,True
456,11,0,0.09473289,True
164,0,0,0.0052944915,False
164,1,0,0.06387546,False
164,2,0,0.021483518,False
164,3,1,0.56632084,True
164,4,0,0.0020912923,False
164,5,0,0.15042469,True
164,6,0,0.0004361427,False
164,7,0,0.00707919,False
164,8,0,0.010618312,False
164,9,0,0.022387583,False
164,10,0,0.02102423,False
164,11,0,0.030543933,False
164,12,0,0.0055167773,False
110,0,0,0.0029549946,False
110,1,1,0.18479416,True
110,2,0,0.006311535,False
110,3,0,0.0125720855,False
110,4,0,0.030296046,False
110,5,0,0.0143729495,False
110,6,0,0.02776371,False
110,7,0,0.23615566,True
110,8,0,0.012460838,False
110,9,0,0.4067262,True
110,10,0,0.0005769801,False
110,11,0,0.071096055,False
110,12,0,0.037853412,False
110,13,0,0.12592189,True
110,14,0,0.014139194,False
110,15,0,0.04853136,False
701,0,0,0.22827543,True
701,1,0,0.007828048,False
701,2,0,0.011742432,False
701,3,0,0.1979764,True
701,4,0,0.056734167,False
701,5,0,8.136415e-05,False
701,6,0,0.009171875,False
701,7,0,0.020244587,False
701,8,0,0.027675653,False
701,9,0,0.05964303,False
701,10,1,0.07517832,False
701,11,0,0.06152999,False
701,12,0,0.029667467,False
701,13,0,0.012989165,False
701,14,0,0.5066651,True
229,0,0,0.021305166,False
229,1,1,0.47963867,True
229,2,0,0.024252664,False
229,3,0,0.3388401,True
229,4,0,0.00068951264,False
229,5,0,0.005764631,False
229,6,0,0.002412174,False
229,7,0,0.09895137,True
229,8,0,0.02831915,False
229,9,0,0.02596827,False
229,10,1,0.24126044,True
229,11,0,0.002565707,False
806,0,0,0.0018930102,False
806,1,0,0.105937175,True
806,2,0,0.018317789,False
806,3,0,0.0027325398,False
806,4,0,0.014910012,False
806,5,0,0.041024,False
806,6,0,0.050644107,False
806,7,0,0.04733221,False
806,8,0,0.016287558,False
806,9,0,0.02187241,False
806,10,1,0.37271664,True
806,11,0,0.49912938,True
806,12,0,0.0008003951,False
13,0,0,0.5861548,True
13,1,0,0.12633316,True
13,2,0,0.04658443,False
13,3,0,0.00011518572,False
13,4,1,0.09459687,True
13,5,1,0.08279855,True
13,6,0,0.26551598,True
13,7,0,0.45718157,True
13,8,0,0.010339706,False
13,9,0,0.004738824,False
13,10,0,0.04978987,False
13,11,0,0.030692011,False
13,12,0,0.02452857,False
13,13,0,0.008290344,False
235,0,1,0.6206874,True
235,1,0,0.06031103,False
235,2,0,0.14163062,True
235,3,0,0.00010724019,False
235,4,0,0.06018157,False
235,5,0,0.051234193,False
235,6,0,0.08717637,True
235,7,0,0.07767777,False
235,8,0,0.05669106,False
235,9,0,0.050724693,False
235,10,0,0.03283036,False
235,11,0,0.43117496,True
235,12,0,0.12988886,True
466,0,0,0.02262754,False
466,1,0,0.06251442,False
466,2,0,0.007368057,False
466,3,0,0.028455121,False
466,4,0,0.035117112,False
466,5,1,0.3188344,True
466,6,0,0.34043598,True
466,7,0,0.03529553,False
466,8,0,0.016060676,False
466,9,0,0.029748518,False
466,10,0,0.34093657,True
466,11,0,0.34967953,True
466,12,0,0.037835613,False
171,0,0,0.32170165,True
171,1,0,0.019312091,False
171,2,0,0.015274729,False
171,3,0,0.022415722,False
171,4,0,0.01702005,False
171,5,0,0.006287387,False
171,6,0,0.011693257,False
171,7,0,0.4034503,True
171,8,0,0.0018092704,False
171,9,0,0.11851678,True
171,10,0,0.028300703,False
171,11,1,0.7502025,True
171,12,0,0.00020397722,False
171,13,0,0.002532537,False
525,0,1,0.1017549,True
525,1,0,0.10848064,True
525,2,0,0.076881655,False
525,3,0,0.047766823,False
525,4,0,0.028978981,False
525,5,0,0.037940286,False
525,6,0,0.045961987,False
525,7,0,0.07292851,False
525,8,0,0.09404759,True
525,9,0,0.06722529,False
525,10,0,0.059758052,False
525,11,0,0.07883735,True
525,12,0,0.060393423,False
525,13,0,0.12785836,True
397,0,0,0.23328798,True
397,1,0,0.0013199528,False
397,2,0,0.007876581,False
397,3,0,0.011386341,False
397,4,0,0.0115416115,False
397,5,0,0.0036573207,False
397,6,0,0.017257215,False
397,7,0,0.10774927,True
397,8,0,0.003986109,False
397,9,1,0.70076555,True
397,10,0,0.00011969383,False
397,11,0,0.0055680554,False
397,12,0,0.2868787,True
397,13,0,0.010625358,False
397,14,0,0.09545664,True
397,15,0,0.0002037531,False
397,16,0,0.05128796,False
642,0,1,0.64630544,True
642,1,0,0.029034063,False
642,2,0,0.023596898,False
642,3,0,0.04753131,False
642,4,0,0.020365624,False
642,5,0,0.009923049,False
642,6,0,0.02378438,False
642,7,0,0.018657573,False
642,8,0,0.0048322296,False
642,9,0,0.024239145,False
642,10,0,0.17598803,True
642,11,0,0.00043015627,False
642,12,0,0.060347836,False
642,13,0,0.013898157,False
642,14,0,0.04527477,False
1134,0,0,0.07164415,False
1134,1,0,0.082070425,True
1134,2,1,0.6553078,True
1134,3,0,0.0052464013,False
1134,4,0,0.016019208,False
1134,5,0,0.09438204,True
1134,6,0,0.06489439,False
1134,7,0,0.054735415,False
1134,8,0,0.052715663,False
1134,9,0,0.036674436,False
1134,10,0,0.03178698,False
1134,11,0,0.00015621977,False
1134,12,0,0.057866696,False
1134,13,0,0.04559893,False
1134,14,0,0.0666096,False
30,0,0,0.060899947,False
30,1,0,0.82570827,True
30,2,0,0.00032463542,False
30,3,0,0.05610629,False
30,4,0,0.005533388,False
30,5,0,0.020920224,False
30,6,0,0.018580742,False
30,7,0,0.0066093854,False
30,8,0,0.029432146,False
30,9,0,0.013859372,False
30,10,1,0.27599478,True
30,11,0,0.023046082,False
30,12,1,0.43585527,True
933,0,0,0.08834905,True
933,1,0,0.06853046,False
933,2,0,0.07924415,True
933,3,0,0.08284601,True
933,4,0,0.063274585,False
933,5,0,0.022053305,False
933,6,0,0.04789082,False
933,7,0,0.008636858,False
933,8,0,0.06843481,False
933,9,1,0.57572925,True
933,10,0,0.54598224,True
933,11,0,0.02283089,False
933,12,0,0.06515509,False
933,13,0,9.548336e-05,False
933,14,0,0.109712645,True
118,0,0,0.00019635126,False
118,1,0,0.059326813,False
118,2,0,0.006591251,False
118,3,0,0.007320612,False
118,4,0,0.0005254604,False
118,5,0,0.009252461,False
118,6,0,0.003672373,False
118,7,0,0.009893228,False
118,8,0,0.00027906243,False
118,9,1,0.75797075,True
118,10,0,0.0050275954,False
118,11,0,0.013459819,False
118,12,0,0.08347188,True
118,13,0,0.1004737,True
118,14,0,0.068837,False
118,15,0,0.029583642,False
118,16,0,0.031367503,False
118,17,0,0.15759848,True
118,18,0,0.0008846784,False
118,19,0,0.008063844,False
932,0,0,0.0010176663,False
932,1,1,0.45234647,True
932,2,0,0.008831814,False
932,3,0,0.20124367,True
932,4,0,0.044435617,False
932,5,0,0.032852225,False
932,6,0,0.0039227866,False
932,7,0,0.018820707,False
932,8,0,0.04700023,False
932,9,0,0.015145991,False
932,10,0,0.0067066676,False
932,11,0,0.31031898,True
932,12,0,0.07901767,True
932,13,0,0.028137442,False
461,0,0,0.043328635,False
461,1,0,0.08425103,True
461,2,0,0.03973288,False
461,3,0,0.061103243,False
461,4,0,0.06162905,False
461,5,1,0.37945655,True
461,6,0,0.24672574,True
461,7,0,0.03232851,False
461,8,0,0.034247708,False
461,9,0,0.05764522,False
461,10,0,0.058181204,False
461,11,0,0.045405906,False
31,0,0,0.00021838986,False
31,1,0,0.11615926,True
31,2,0,0.053290512,False
31,3,0,0.008773397,False
31,4,1,0.7773282,True
31,5,0,0.0006830758,False
31,6,0,0.030866973,False
31,7,0,0.00292232,False
31,8,0,0.0047775363,False
31,9,0,0.035547953,False
31,10,0,0.066929884,False
31,11,0,0.04327058,False
31,12,0,0.009115678,False
406,0,0,0.49755144,True
406,1,0,0.050896715,False
406,2,0,0.09172921,True
406,3,0,0.06361051,False
406,4,0,0.11999603,True
406,5,0,0.0018196407,False
406,6,0,0.059627768,False
406,7,0,0.029237026,False
406,8,0,0.0030436937,False
406,9,0,0.006892509,False
406,10,0,0.008704506,False
406,11,0,0.0045123687,False
406,12,0,0.009349903,False
406,13,1,0.05221011,False
406,14,0,0.009796246,False
406,15,1,0.026361752,False
406,16,1,0.00074406294,False
78,0,0,0.12575398,True
78,1,0,0.09000238,True
78,2,0,0.041799735,False
78,3,0,0.013914295,False
78,4,1,0.2960516,True
78,5,0,0.00061978784,False
78,6,0,0.0064870217,False
78,7,0,0.033498432,False
78,8,0,0.003938021,False
78,9,0,0.0029629823,False
78,10,0,0.022418622,False
78,11,0,0.1380608,True
78,12,0,0.00451923,False
78,13,0,0.0010117539,False
78,14,0,0.00032599072,False
78,15,0,0.008921281,False
78,16,0,0.00409432,False
78,17,0,0.010562781,False
78,18,0,0.16712162,True
78,19,0,0.1619841,True
1190,0,0,0.009183028,False
1190,1,0,0.0013540476,False
1190,2,1,0.00052213203,False
1190,3,0,0.00077882106,False
1190,4,1,0.0016638966,False
1190,5,0,0.0077143125,False
1190,6,0,0.116840646,True
1190,7,0,6.321979e-05,False
1190,8,0,0.017264761,False
1190,9,0,0.10271702,True
1190,10,0,0.00025757775,False
1190,11,0,0.002313335,False
1190,12,0,0.6908478,True
1190,13,0,0.00033913652,False
1190,14,0,0.0004142592,False
1190,15,0,0.10637869,True
1190,16,0,0.0018636041,False
1190,17,0,0.010644157,False
1190,18,0,0.016798606,False
1190,19,0,0.00050867285,False
905,0,0,0.0026400678,False
905,1,0,0.05496652,False
905,2,0,0.17764454,True
905,3,0,0.061710685,False
905,4,0,0.0010130723,False
905,5,0,0.0028077571,False
905,6,0,0.03178686,False
905,7,1,0.049393054,False
905,8,0,0.056561626,False
905,9,0,0.004367594,False
905,10,0,0.039935652,False
905,11,1,0.42873615,True
905,12,0,0.50328064,True
343,0,0,0.014585805,False
343,1,0,0.0023879874,False
343,2,0,0.0013104697,False
343,3,0,0.00019921675,False
343,4,0,0.21846789,True
343,5,0,0.0006258422,False
343,6,0,0.0012016366,False
343,7,0,0.0054658335,False
343,8,0,0.09515144,True
343,9,0,0.016996874,False
343,10,1,0.66019386,True
343,11,0,8.433023e-05,False
343,12,0,0.019507194,False
343,13,0,0.0136374,False
343,14,0,0.0041212295,False
343,15,0,0.0023389326,False
343,16,0,4.7149857e-05,False
343,17,0,0.001493844,False
343,18,0,0.0032187507,False
343,19,0,3.3625158e-05,False
14,0,1,0.7067393,True
14,1,0,0.06063031,False
14,2,0,0.09740666,True
14,3,0,0.00012821842,False
14,4,0,0.14597353,True
14,5,0,0.13446599,True
14,6,0,0.031235768,False
14,7,0,0.02907983,False
14,8,0,0.14332078,True
14,9,1,0.17598866,True
14,10,0,0.25408012,True
14,11,0,0.024464373,False
14,12,0,0.06502112,False
14,13,0,0.00013267163,False
268,0,0,0.00078179134,False
268,1,0,0.00011694476,False
268,2,0,6.7173784e-07,False
268,3,0,0.011296405,False
268,4,0,0.007876639,False
268,5,0,0.0031395063,False
268,6,0,0.031623706,False
268,7,0,0.0019069767,False
268,8,1,0.9236398,True
268,9,0,4.9176015e-07,False
268,10,0,0.0010385271,False
268,11,0,0.0033815275,False
268,12,0,0.0017272136,False
268,13,0,0.03314699,False
268,14,0,0.00011464418,False
268,15,0,0.00076478673,False
268,16,0,0.0022322128,False
268,17,0,0.0034069906,False
268,18,0,2.2351232e-05,False
268,19,0,0.0016933847,False
268,20,0,0.0005659404,False
268,21,0,1.4266254e-05,False
459,0,0,0.040142942,False
459,1,0,0.034748588,False
459,2,0,0.049990293,False
459,3,0,0.049067117,False
459,4,0,0.042175844,False
459,5,0,0.06693947,False
459,6,0,0.033517733,False
459,7,0,0.1577689,True
459,8,0,0.29335958,True
459,9,0,0.4822824,True
459,10,1,0.2905774,True
459,11,0,0.045200627,False
366,0,1,0.49712303,True
366,1,0,0.10564278,True
366,2,0,0.042313464,False
366,3,0,0.10881908,True
366,4,0,0.00726805,False
366,5,0,0.012827135,False
366,6,0,0.036179114,False
366,7,1,0.22220048,True
366,8,0,0.0019708553,False
366,9,0,0.030376926,False
366,10,0,0.006198977,False
366,11,0,0.06757604,False
1024,0,1,0.54830194,True
1024,1,0,0.013455578,False
1024,2,0,0.034072973,False
1024,3,0,0.046548743,False
1024,4,0,0.01857381,False
1024,5,0,0.009497589,False
1024,6,0,0.0050025643,False
1024,7,0,0.0030117761,False
1024,8,0,0.02851458,False
1024,9,0,0.009694477,False
1024,10,0,0.046795674,False
1024,11,0,0.14198935,True
1024,12,0,0.0009321514,False
1024,13,0,0.09416759,True
1024,14,0,0.006895885,False
1024,15,0,0.014877698,False
1024,16,0,0.0036731951,False
1024,17,0,0.009812833,False
1024,18,0,0.037173487,False
693,0,0,3.8530772e-05,False
693,1,0,0.009706455,False
693,2,0,0.0014504408,False
693,3,0,0.0043551433,False
693,4,0,2.6329251e-05,False
693,5,0,0.0011346522,False
693,6,1,0.20241262,True
693,7,0,0.009337916,False
693,8,0,0.14673033,True
693,9,0,0.13775674,True
693,10,0,0.032427467,False
693,11,0,0.13464276,True
693,12,0,0.0671094,False
693,13,0,0.020924386,False
693,14,0,0.0046437364,False
693,15,0,0.005221641,False
693,16,0,0.081940874,True
693,17,0,0.13493696,True
693,18,0,0.0239119,False
1214,0,1,0.7276323,True
1214,1,0,0.031444766,False
1214,2,0,0.24984337,True
1214,3,0,0.00023902438,False
1214,4,0,0.18407656,True
1214,5,0,0.11201591,True
1214,6,0,0.011522701,False
1214,7,0,0.011757624,False
1214,8,0,0.006881232,False
1214,9,0,0.009452702,False
1214,10,0,0.24844652,True
1214,11,0,0.016662696,False
1214,12,0,0.23666303,True
1214,13,0,0.016543493,False
1214,14,0,0.02098247,False
1214,15,0,0.30006605,True
1214,16,0,0.01471167,False
491,0,0,0.01995389,False
491,1,0,0.17679697,True
491,2,0,0.0116347205,False
491,3,0,0.13111973,True
491,4,0,0.024258519,False
491,5,0,0.039577466,False
491,6,0,0.034931228,False
491,7,0,0.046769857,False
491,8,1,0.3862896,True
491,9,0,0.14029413,True
491,10,0,0.061420087,False
491,11,0,0.13544938,True
491,12,0,0.18909895,True
1178,0,1,0.22213194,True
1178,1,1,0.3684365,True
1178,2,0,0.022097671,False
1178,3,0,0.011572807,False
1178,4,0,0.26659337,True
1178,5,0,0.015229858,False
1178,6,0,0.006696253,False
1178,7,0,0.039657895,False
1178,8,0,0.01745459,False
1178,9,0,0.011107988,False
1178,10,0,0.026638,False
1178,11,0,0.14195006,True
1178,12,0,0.003462581,False
1178,13,0,0.019245425,False
1178,14,0,9.76476e-05,False
375,0,0,0.033971075,False
375,1,0,0.009619591,False
375,2,0,0.17063987,True
375,3,0,0.046134036,False
375,4,0,0.014240943,False
375,5,0,0.0015378513,False
375,6,0,0.01389101,False
375,7,0,0.032989044,False
375,8,0,0.022887418,False
375,9,0,0.44610536,True
375,10,0,0.080150366,True
375,11,1,0.40874118,True
375,12,0,0.019619694,False
1129,0,0,0.29140824,True
1129,1,0,0.023764493,False
1129,2,0,0.019811587,False
1129,3,0,0.019843688,False
1129,4,0,0.0139389215,False
1129,5,1,0.5679094,True
1129,6,0,0.11415048,True
1129,7,0,0.011023126,False
1129,8,0,0.045001946,False
1129,9,0,0.08993674,True
1129,10,0,0.07402161,False
1129,11,0,0.051844098,False
1129,12,0,0.019619552,False
1057,0,0,0.015769582,False
1057,1,1,0.79633754,True
1057,2,0,0.00019662309,False
1057,3,0,0.010753971,False
1057,4,0,0.09812959,True
1057,5,0,0.0076803025,False
1057,6,0,0.019928709,False
1057,7,0,0.009445515,False
1057,8,0,0.010853653,False
1057,9,0,0.07390353,False
1057,10,0,0.011283259,False
1057,11,0,0.007877187,False
1057,12,0,3.3179625e-05,False
1057,13,0,0.016732892,False
1057,14,0,0.009947307,False
1057,15,0,0.008148911,False
1057,16,0,0.09868246,True
1042,0,0,0.034193818,False
1042,1,1,0.9171106,True
1042,2,0,0.014948545,False
1042,3,0,0.018187637,False
1042,4,0,0.30666724,True
1042,5,0,0.075603165,False
1042,6,0,0.05439294,False
1042,7,0,0.04918605,False
1042,8,0,0.046807706,False
1042,9,0,0.06274615,False
1042,10,0,0.05623852,False
1042,11,0,0.045575168,False
1042,12,0,0.05226192,False
1042,13,0,0.050524317,False
33,0,0,0.5520888,True
33,1,0,0.008494736,False
33,2,0,0.14113787,True
33,3,0,8.6977394e-05,False
33,4,0,0.00069610926,False
33,5,0,0.0007941059,False
33,6,0,0.0058079697,False
33,7,0,0.0046518147,False
33,8,0,0.0006975403,False
33,9,0,0.00059406954,False
33,10,0,0.092343196,True
33,11,0,9.384688e-05,False
33,12,0,0.008093431,False
33,13,1,0.4224853,True
458,0,0,0.038731,False
458,1,0,0.025589166,False
458,2,0,0.031860225,False
458,3,0,0.021940256,False
458,4,0,0.02600193,False
458,5,0,0.004499603,False
458,6,0,0.15165868,True
458,7,0,0.70768774,True
458,8,1,0.08435669,True
458,9,0,0.64040536,True
458,10,0,8.310957e-05,False
458,11,0,0.05934553,False
948,0,0,0.0007734565,False
948,1,1,0.821224,True
948,2,0,0.00948394,False
948,3,0,0.16786772,True
948,4,0,0.00054838357,False
948,5,0,0.021300394,False
948,6,0,0.0035725064,False
948,7,0,0.0019980948,False
948,8,0,0.035917707,False
948,9,0,0.01345801,False
948,10,0,0.44239536,True
948,11,0,0.00028312005,False
948,12,0,0.0073937736,False
948,13,0,0.0021876455,False
948,14,0,0.0035079464,False
948,15,0,0.028258985,False
943,0,0,0.02099371,False
943,1,0,0.01759504,False
943,2,0,0.012269888,False
943,3,0,0.01509293,False
943,4,0,0.0023502524,False
943,5,0,0.2852388,True
943,6,0,0.0661508,False
943,7,0,0.11332657,True
943,8,0,0.29666322,True
943,9,0,0.00089386577,False
943,10,0,0.002682479,False
943,11,1,0.4302369,True
943,12,0,0.012054177,False
943,13,0,0.00033882435,False
98,0,0,0.0394683,False
98,1,0,0.22504702,True
98,2,0,0.06391984,False
98,3,0,0.0026420485,False
98,4,0,0.0047387592,False
98,5,0,0.010735132,False
98,6,0,0.01298697,False
98,7,0,0.050552264,False
98,8,0,0.074732095,False
98,9,0,0.072594784,False
98,10,1,0.59750956,True
98,11,0,0.055289034,False
98,12,0,0.010227858,False
302,0,0,0.054235026,False
302,1,0,0.22718018,True
302,2,0,0.073861934,False
302,3,0,0.10733313,True
302,4,0,0.010607952,False
302,5,0,0.011745132,False
302,6,0,0.06648218,False
302,7,0,0.08292248,True
302,8,0,0.067829534,False
302,9,0,0.06783634,False
302,10,1,0.45788682,True
1006,0,0,0.080694,True
1006,1,0,0.03874401,False
1006,2,0,0.020957,False
1006,3,0,0.049922064,False
1006,4,0,0.05109047,False
1006,5,0,0.020635352,False
1006,6,0,0.016776042,False
1006,7,0,0.020839736,False
1006,8,0,0.030932426,False
1006,9,0,0.06319858,False
1006,10,0,0.110807076,True
1006,11,1,0.5344176,True
1006,12,0,0.106302485,True
1006,13,0,0.14095628,True
1006,14,0,0.10669944,True
644,0,0,0.36462218,True
644,1,0,0.008544776,False
644,2,0,0.08918333,True
644,3,0,2.2491029e-05,False
644,4,0,0.0049636224,False
644,5,0,0.005408151,False
644,6,0,0.008727078,False
644,7,0,0.018179286,False
644,8,0,0.02728894,False
644,9,0,0.45369616,True
644,10,1,0.9321221,True
644,11,1,0.19225807,True
644,12,0,0.0131442435,False
644,13,0,0.04010851,False
644,14,0,0.042137913,False
644,15,0,2.7414535e-05,False
318,0,0,0.04351907,False
318,1,0,0.19973505,True
318,2,0,0.08057595,True
318,3,0,0.063501276,False
318,4,0,0.0150627345,False
318,5,0,0.032807354,False
318,6,0,0.04133867,False
318,7,0,0.037939556,False
318,8,0,0.41889685,True
318,9,0,0.07356474,False
318,10,1,0.29421827,True
318,11,0,0.035062782,False
126,0,0,0.3407205,True
126,1,0,0.17239581,True
126,2,0,0.08656223,True
126,3,0,0.003701618,False
126,4,0,0.011105589,False
126,5,0,0.06728834,False
126,6,0,0.022811366,False
126,7,0,0.036923528,False
126,8,1,0.6164295,True
126,9,0,0.057299897,False
126,10,0,0.0071624904,False
289,0,0,0.09591314,True
289,1,0,0.09047863,True
289,2,0,0.09794817,True
289,3,0,0.034189377,False
289,4,0,0.009902041,False
289,5,0,0.0031879856,False
289,6,0,0.005829668,False
289,7,0,0.04183791,False
289,8,0,0.004536967,False
289,9,0,0.014752665,False
289,10,0,0.012857475,False
289,11,0,0.015776252,False
289,12,1,0.45964724,True
289,13,0,0.012060675,False
289,14,0,0.005359426,False
816,0,0,0.029342087,False
816,1,0,0.010503756,False
816,2,0,0.20397283,True
816,3,0,0.043101143,False
816,4,0,0.024761535,False
816,5,0,0.00323453,False
816,6,0,0.023905007,False
816,7,0,0.016924733,False
816,8,0,0.013959228,False
816,9,0,0.017245937,False
816,10,0,0.01940953,False
816,11,1,0.50091356,True
816,12,0,0.13365576,True
816,13,1,0.65245825,True
6,0,0,0.011516131,False
6,1,0,0.006889064,False
6,2,1,0.67285496,True
6,3,0,0.004877551,False
6,4,0,0.0006905339,False
6,5,0,0.0033058615,False
6,6,0,0.006874278,False
6,7,0,0.0006693451,False
6,8,0,0.000638616,False
6,9,0,0.0027684777,False
6,10,0,0.0032519086,False
6,11,0,0.00014151075,False
6,12,0,0.04965514,False
6,13,0,0.005490016,False
6,14,0,0.012774994,False
6,15,0,0.054256815,False
6,16,0,0.051450793,False
6,17,0,0.0016605977,False
6,18,0,0.00040501935,False
6,19,0,3.188751e-06,False
1126,0,0,0.06477189,False
1126,1,1,0.57699823,True
1126,2,0,0.04753547,False
1126,3,0,0.005415872,False
1126,4,0,0.024406087,False
1126,5,0,0.10511157,True
1126,6,0,0.10323785,True
1126,7,0,0.11511916,True
1126,8,0,0.1254813,True
1126,9,0,0.10773648,True
1126,10,0,0.09227877,True
1126,11,0,0.087609574,True
1126,12,0,0.0053481944,False
114,0,0,0.000120866236,False
114,1,0,0.0047538597,False
114,2,0,0.004178468,False
114,3,0,0.017067334,False
114,4,0,0.007999417,False
114,5,0,0.005836294,False
114,6,0,0.0065858616,False
114,7,0,0.011016682,False
114,8,0,0.01768277,False
114,9,0,0.001546971,False
114,10,1,0.30737054,True
114,11,0,0.02724045,False
114,12,0,0.37592337,True
114,13,0,0.27742165,True
114,14,0,0.08024234,True
114,15,0,0.32752305,True
114,16,0,0.18216553,True
114,17,0,0.04818134,False
1173,0,0,0.041561678,False
1173,1,0,0.003857919,False
1173,2,1,0.5902452,True
1173,3,0,0.08618185,True
1173,4,0,0.20844191,True
1173,5,0,0.026759202,False
1173,6,0,0.09399077,True
1173,7,0,0.012128805,False
1173,8,0,0.02442442,False
1173,9,0,0.03983675,False
1173,10,0,0.00066279375,False
1173,11,0,5.583411e-05,False
1173,12,0,0.051894058,False
1173,13,0,0.03476223,False
560,0,0,0.06847124,False
560,1,1,0.9841979,True
560,2,0,0.0006344301,False
560,3,0,0.1534544,True
560,4,0,0.012398461,False
560,5,0,0.03321849,False
560,6,0,0.043036528,False
560,7,0,0.008496825,False
560,8,0,0.0032417623,False
560,9,0,0.002500701,False
560,10,0,0.00014255685,False
560,11,0,7.8855854e-05,False
560,12,0,5.3675587e-05,False
560,13,0,0.009017424,False
1041,0,0,0.4751005,True
1041,1,0,0.03957067,False
1041,2,0,0.024541734,False
1041,3,0,0.074088804,False
1041,4,0,0.033176627,False
1041,5,1,0.012600109,False
1041,6,0,0.48861074,True
1041,7,0,0.0011184312,False
1041,8,0,0.14466198,True
1041,9,0,0.031509075,False
1041,10,0,0.09077373,True
1041,11,0,0.098632626,True
1041,12,0,0.0807432,True
1041,13,0,0.024032608,False
537,0,0,0.3743956,True
537,1,1,0.14110732,True
537,2,0,0.092845716,True
537,3,0,0.08840393,True
537,4,0,0.063282594,False
537,5,0,0.11075628,True
537,6,0,0.119940065,True
537,7,0,0.112840146,True
537,8,0,0.0788021,False
537,9,0,0.10824201,True
537,10,1,0.0829696,True
634,0,1,0.17588574,True
634,1,0,0.027495008,False
634,2,0,0.009117616,False
634,3,0,0.04563734,False
634,4,0,0.04660505,False
634,5,0,0.050791677,False
634,6,0,0.04149502,False
634,7,0,0.038286958,False
634,8,0,0.021636259,False
634,9,0,0.028348323,False
634,10,0,0.033188812,False
634,11,1,0.088678494,True
634,12,0,0.35390925,True
634,13,0,0.002924926,False
634,14,0,0.39720073,True
634,15,0,0.027903324,False
634,16,0,0.027935572,False
792,0,0,0.0155975,False
792,1,0,0.018877259,False
792,2,0,0.007240458,False
792,3,0,0.012317279,False
792,4,0,0.013693057,False
792,5,1,0.6763524,True
792,6,0,8.57342e-05,False
792,7,0,0.0011117734,False
792,8,1,0.8665072,True
792,9,0,0.000102659964,False
792,10,0,0.00036372148,False
792,11,0,1.0421251e-05,False
792,12,0,0.0058791204,False
792,13,0,0.0022075684,False
792,14,0,2.4758887e-05,False
792,15,0,2.0456646e-06,False
792,16,0,0.0015061172,False
792,17,0,1.14210925e-05,False
709,0,0,0.0006176261,False
709,1,0,0.118450694,True
709,2,0,0.0023895942,False
709,3,0,0.0071717394,False
709,4,0,0.21977103,True
709,5,0,0.00013302328,False
709,6,0,0.0020195548,False
709,7,0,0.0047211535,False
709,8,0,0.012155218,False
709,9,0,0.012402519,False
709,10,1,0.93928784,True
709,11,0,0.00071803044,False
709,12,0,0.01080627,False
709,13,0,0.001865322,False
142,0,0,0.1333256,True
142,1,0,0.17416088,True
142,2,0,0.22412908,True
142,3,0,0.029183168,False
142,4,0,0.030996064,False
142,5,0,0.038000327,False
142,6,0,0.048901852,False
142,7,1,0.42484814,True
142,8,0,0.025658825,False
142,9,0,0.01671325,False
142,10,0,0.5260493,True
142,11,0,0.023337554,False
1203,0,0,0.20454258,True
1203,1,1,0.42768523,True
1203,2,0,0.13871363,True
1203,3,0,0.055295657,False
1203,4,0,0.040051438,False
1203,5,0,0.051543266,False
1203,6,0,0.07251495,False
1203,7,0,0.06966445,False
1203,8,0,0.105085485,True
1203,9,0,0.04298479,False
1203,10,0,0.21763235,True
1203,11,0,0.14420964,True
1203,12,0,0.1715433,True
567,0,0,0.5574543,True
567,1,0,0.10636115,True
567,2,0,0.018408211,False
567,3,0,0.024475476,False
567,4,0,0.015343742,False
567,5,0,0.030638512,False
567,6,0,0.074824885,False
567,7,0,0.10255707,True
567,8,0,0.17184544,True
567,9,0,0.107370935,True
567,10,0,0.052411295,False
567,11,0,0.031652845,False
567,12,0,7.457792e-05,False
567,13,1,0.026750505,False
1067,0,0,0.6491671,True
1067,1,0,0.018211663,False
1067,2,0,0.13489829,True
1067,3,0,0.23087873,True
1067,4,0,0.074032426,False
1067,5,0,0.00019606708,False
1067,6,0,0.17978552,True
1067,7,0,0.0872852,True
1067,8,0,0.12861118,True
1067,9,0,0.12125496,True
1067,10,0,0.0025131053,False
1067,11,0,0.0054139458,False
1067,12,1,0.06337672,False
1067,13,0,0.09335215,True
1067,14,1,0.084197335,True
1067,15,0,0.0004897341,False
1067,16,0,0.00045721195,False
837,0,0,0.3954644,True
837,1,0,0.0067266547,False
837,2,0,0.006104042,False
837,3,0,0.0070190034,False
837,4,0,0.002286009,False
837,5,0,0.017755575,False
837,6,1,0.12953006,True
837,7,0,0.00406169,False
837,8,0,0.027413417,False
837,9,0,0.09327586,True
837,10,0,0.00018805258,False
837,11,0,0.037596967,False
837,12,0,0.009788728,False
837,13,0,0.016591894,False
837,14,0,0.01164004,False
837,15,0,0.17232352,True
556,0,0,0.0017309058,False
556,1,0,0.0035146049,False
556,2,0,0.005462398,False
556,3,0,0.001218921,False
556,4,0,0.014439735,False
556,5,0,0.035418276,False
556,6,0,0.022265177,False
556,7,0,0.04377796,False
556,8,0,0.4054548,True
556,9,0,0.046111055,False
556,10,1,0.037321858,False
556,11,0,0.034703128,False
556,12,0,0.123407006,True
556,13,0,0.019476969,False
556,14,0,0.07286853,False
556,15,0,0.00022860584,False
556,16,0,0.037178587,False
295,0,0,0.0022025765,False
295,1,0,0.00081475824,False
295,2,0,0.00047916544,False
295,3,0,0.00028475266,False
295,4,0,0.00199975,False
295,5,0,0.0005766939,False
295,6,0,0.0010781187,False
295,7,0,0.00021293279,False
295,8,0,0.08704861,True
295,9,0,0.00052395195,False
295,10,0,0.0054090777,False
295,11,0,0.1797856,True
295,12,0,0.0058095204,False
295,13,1,0.7728013,True
295,14,0,7.2374446e-06,False
295,15,0,0.009757565,False
295,16,0,0.0046914937,False
295,17,0,0.0063722027,False
295,18,0,0.012692682,False
295,19,0,0.0015869909,False
295,20,0,0.0022477177,False
295,21,0,0.0005258921,False
295,22,0,4.4396544e-05,False
295,23,0,0.00033661872,False
179,0,1,0.23554796,True
179,1,0,0.012333981,False
179,2,0,0.009742878,False
179,3,0,0.023453493,False
179,4,0,0.014899357,False
179,5,0,0.0038021274,False
179,6,0,0.1943904,True
179,7,0,0.039913498,False
179,8,0,0.04234678,False
179,9,0,0.00015388634,False
179,10,0,0.04677005,False
179,11,0,0.017111363,False
179,12,0,0.028911225,False
179,13,0,0.023707096,False
179,14,0,0.22964536,True
12,0,0,0.35363397,True
12,1,0,0.01954512,False
12,2,0,0.031739242,False
12,3,0,0.2534644,True
12,4,1,0.41286227,True
12,5,0,0.017906541,False
12,6,0,0.016896805,False
12,7,0,0.030872906,False
12,8,0,0.059021953,False
12,9,0,0.09292966,True
12,10,0,0.09661661,True
12,11,0,0.056041062,False
12,12,0,0.031680312,False
79,0,0,0.05808753,False
79,1,0,0.010212475,False
79,2,0,0.002686347,False
79,3,0,0.008345374,False
79,4,0,0.0068271873,False
79,5,0,0.0028057073,False
79,6,0,0.0013713646,False
79,7,0,0.006847934,False
79,8,0,0.00106938,False
79,9,0,0.0015964031,False
79,10,0,0.0012757059,False
79,11,1,0.56696093,True
79,12,0,0.022932747,False
79,13,0,0.17486612,True
79,14,0,0.18665639,True
79,15,0,0.07299575,False
79,16,0,0.32953748,True
79,17,0,0.21871497,True
79,18,0,0.18910228,True
79,19,0,0.13715227,True
1019,0,0,0.4001622,True
1019,1,1,0.3935274,True
1019,2,0,0.21589743,True
1019,3,0,0.016492885,False
1019,4,0,0.0061410978,False
1019,5,0,0.021137383,False
1019,6,0,0.08665122,True
1019,7,0,0.015664216,False
1019,8,0,0.0070520258,False
1019,9,0,0.0055709053,False
1019,10,0,0.00015696035,False
1019,11,0,9.674587e-05,False
1019,12,0,0.00033083867,False
1019,13,1,0.009850591,False
1019,14,0,0.07261603,False
1019,15,0,0.011373858,False
1019,16,0,0.005065962,False
826,0,0,0.059287712,False
826,1,0,0.44844252,True
826,2,0,0.0372326,False
826,3,0,0.050286572,False
826,4,0,0.01806638,False
826,5,0,0.032450605,False
826,6,0,0.030514667,False
826,7,0,0.11883054,True
826,8,0,0.054807253,False
826,9,0,0.04473441,False
826,10,0,0.28026497,True
826,11,0,0.0018558415,False
826,12,0,0.07555174,False
826,13,1,0.03602367,False
351,0,0,0.043258153,False
351,1,0,0.14897189,True
351,2,0,0.08515274,True
351,3,0,0.030729879,False
351,4,0,0.20221302,True
351,5,0,0.046158038,False
351,6,0,0.020352965,False
351,7,0,0.4447736,True
351,8,0,0.039632242,False
351,9,0,0.009085192,False
351,10,0,0.021906372,False
351,11,0,0.031266093,False
351,12,1,0.04960587,False
351,13,0,0.036536135,False
351,14,0,0.030935423,False
1080,0,0,0.07224827,False
1080,1,0,0.0070958408,False
1080,2,0,0.009704663,False
1080,3,0,0.01620513,False
1080,4,0,0.046659905,False
1080,5,0,0.04075917,False
1080,6,0,0.041119166,False
1080,7,0,0.026916213,False
1080,8,0,0.02167127,False
1080,9,0,0.012215564,False
1080,10,0,0.0049311416,False
1080,11,0,0.2960059,True
1080,12,0,0.0002693271,False
1080,13,0,0.008585002,False
1080,14,0,0.4352554,True
1080,15,1,0.1417766,True
1080,16,0,0.12411519,True
473,0,0,0.03984704,False
473,1,0,0.11180286,True
473,2,0,0.013937689,False
473,3,0,0.011165052,False
473,4,0,0.008672413,False
473,5,0,0.0023275553,False
473,6,1,0.67790973,True
473,7,0,0.0014498614,False
473,8,0,0.004914489,False
473,9,0,0.003546714,False
473,10,0,0.00837478,False
473,11,0,0.0036619336,False
473,12,0,0.12987211,True
473,13,0,0.0019534735,False
473,14,0,0.0042545265,False
473,15,0,0.0039121043,False
473,16,0,0.005392633,False
671,0,0,0.034215793,False
671,1,0,0.07028367,False
671,2,0,0.022152372,False
671,3,0,0.7137521,True
671,4,0,0.0005227012,False
671,5,0,0.005544075,False
671,6,0,0.0052228575,False
671,7,0,0.022949442,False
671,8,0,0.012007645,False
671,9,0,0.0069873226,False
671,10,0,0.0024117208,False
671,11,0,0.025335496,False
671,12,1,0.34361488,True
671,13,0,0.0001536318,False
671,14,0,0.066070996,False
671,15,0,0.00011516254,False
671,16,0,0.021403437,False
1040,0,0,0.23756918,True
1040,1,0,0.016330436,False
1040,2,0,0.021974849,False
1040,3,0,0.080091186,True
1040,4,0,0.10622324,True
1040,5,0,0.09291618,True
1040,6,0,0.010383649,False
1040,7,1,0.011084975,False
1040,8,0,0.23303196,True
1040,9,0,0.0002849971,False
1040,10,0,0.106871106,True
1040,11,0,0.012596016,False
1040,12,0,0.09194766,True
1040,13,0,0.035015382,False
1213,0,0,0.004110125,False
1213,1,0,0.0012243802,False
1213,2,0,0.5570849,True
1213,3,0,0.008445874,False
1213,4,0,0.14323607,True
1213,5,0,0.0156137915,False
1213,6,0,0.0011434703,False
1213,7,0,0.003832766,False
1213,8,0,0.00669436,False
1213,9,0,0.007254806,False
1213,10,0,0.013750971,False
1213,11,0,0.005899824,False
1213,12,0,0.0048699677,False
1213,13,1,0.48899937,True
1213,14,0,0.0074606007,False
1213,15,0,0.034607463,False
1176,0,1,0.54855305,True
1176,1,0,0.026799524,False
1176,2,0,0.027631646,False
1176,3,0,0.05407788,False
1176,4,0,0.059930846,False
1176,5,0,0.06409998,False
1176,6,0,0.12741907,True
1176,7,0,0.03164861,False
1176,8,0,0.02162543,False
1176,9,0,0.022619568,False
1176,10,0,0.21912195,True
1176,11,0,0.042528737,False
1176,12,0,0.015845675,False
1176,13,0,0.2509809,True
1008,0,0,7.9769175e-05,False
1008,1,0,0.081397556,True
1008,2,0,0.037874896,False
1008,3,0,0.016824929,False
1008,4,0,0.000121437275,False
1008,5,0,0.028509237,False
1008,6,0,0.09756687,True
1008,7,0,0.016648132,False
1008,8,0,0.015572627,False
1008,9,0,0.70695704,True
1008,10,0,0.00018673946,False
1008,11,0,0.010208355,False
1008,12,0,0.012561081,False
1008,13,0,0.048301626,False
1008,14,0,0.04448504,False
1008,15,1,0.13840654,True
1008,16,0,0.047904152,False
1008,17,0,0.08084308,True
1184,0,0,0.09633798,True
1184,1,0,0.24498826,True
1184,2,0,0.013171845,False
1184,3,0,0.0053205867,False
1184,4,0,0.035324387,False
1184,5,0,0.037882216,False
1184,6,0,0.018634258,False
1184,7,0,0.045494705,False
1184,8,0,0.047170084,False
1184,9,0,0.009990954,False
1184,10,1,0.385392,True
1184,11,0,0.032804005,False
1184,12,0,0.13562676,True
1184,13,0,0.5033705,True
1184,14,0,0.045309227,False
1184,15,0,0.02381289,False
1196,0,0,0.012065442,False
1196,1,0,0.0056330874,False
1196,2,0,0.024110414,False
1196,3,0,0.003438808,False
1196,4,0,0.023194,False
1196,5,0,0.00047181733,False
1196,6,1,0.5110847,True
1196,7,0,0.012618353,False
1196,8,0,0.0344041,False
1196,9,0,0.18858734,True
1196,10,0,0.1631779,True
1196,11,0,0.16744332,True
1196,12,0,0.12072558,True
1196,13,0,0.11860762,True
1196,14,0,0.11632688,True
1196,15,0,0.019262703,False
1196,16,0,1.5197722e-05,False
1196,17,0,0.0071067573,False
1196,18,0,0.0033607092,False
1196,19,0,8.806117e-05,False
320,0,0,0.18300892,True
320,1,0,0.28703326,True
320,2,0,0.15829423,True
320,3,0,0.06298646,False
320,4,0,0.06003597,False
320,5,1,0.09215282,True
320,6,1,0.15945873,True
320,7,0,0.060172454,False
320,8,0,0.0010453525,False
320,9,0,0.094916515,True
320,10,0,0.067412235,False
320,11,0,0.03972503,False
925,0,1,0.3822117,True
925,1,0,0.029094124,False
925,2,0,0.10871125,True
925,3,0,0.0180669,False
925,4,0,0.0044039623,False
925,5,0,0.0019297583,False
925,6,0,0.010136099,False
925,7,0,0.013509576,False
925,8,0,0.30704984,True
925,9,0,0.020565841,False
925,10,0,0.017614529,False
925,11,0,0.02208134,False
925,12,0,0.08567509,True
925,13,0,0.28739136,True
383,0,1,0.391227,True
383,1,0,0.014798707,False
383,2,0,0.05295338,False
383,3,0,0.04871019,False
383,4,0,0.06464422,False
383,5,0,0.00081189105,False
383,6,0,0.0024597591,False
383,7,0,0.021203205,False
383,8,0,0.015159099,False
383,9,0,0.29126883,True
383,10,0,0.010078238,False
383,11,0,0.003503595,False
383,12,0,0.28533572,True
383,13,0,0.0022739852,False
903,0,0,0.008945912,False
903,1,0,0.5508857,True
903,2,0,0.021251801,False
903,3,0,0.02960767,False
903,4,0,0.04692949,False
903,5,0,0.019875154,False
903,6,0,0.0071067703,False
903,7,0,0.046877638,False
903,8,1,0.42774072,True
903,9,0,0.30605438,True
903,10,0,0.0015115004,False
903,11,0,0.020074645,False
903,12,0,0.03494443,False
529,0,0,0.00044231967,False
529,1,1,0.987807,True
529,2,0,0.0724365,False
529,3,0,0.004060851,False
529,4,0,0.010719971,False
529,5,0,0.0068852347,False
529,6,0,0.009302474,False
529,7,0,0.011998919,False
529,8,0,0.00063339696,False
529,9,0,0.00022975588,False
529,10,0,0.026196994,False
529,11,0,0.03367131,False
529,12,0,5.064124e-05,False
529,13,0,0.057221293,False
49,0,0,0.028109554,False
49,1,0,0.0034852638,False
49,2,0,0.007961708,False
49,3,0,0.0048638405,False
49,4,0,0.009866915,False
49,5,0,0.018920068,False
49,6,0,0.013134869,False
49,7,0,0.0014609005,False
49,8,0,0.17276296,True
49,9,0,0.07971468,True
49,10,0,0.15915023,True
49,11,0,0.3881171,True
49,12,1,0.2660285,True
49,13,0,0.10837435,True
49,14,0,0.09701341,True
49,15,0,0.0027720805,False
49,16,0,0.00061348535,False
49,17,0,1.6887849e-05,False
49,18,0,0.0084874695,False
49,19,0,0.0003895281,False
49,20,0,0.006299715,False
753,0,0,0.28839883,True
753,1,0,0.008214486,False
753,2,0,0.012937969,False
753,3,0,0.0058417963,False
753,4,0,0.0045816842,False
753,5,0,0.04012986,False
753,6,0,0.004779278,False
753,7,0,0.022851573,False
753,8,0,0.004883556,False
753,9,0,0.012718864,False
753,10,0,0.0035690926,False
753,11,1,0.45265955,True
753,12,0,0.054433458,False
753,13,0,0.004566478,False
753,14,0,0.026446177,False
753,15,0,0.005822783,False
753,16,0,0.291576,True
753,17,0,0.008754785,False
1077,0,0,0.06523672,False
1077,1,0,0.01393904,False
1077,2,0,0.006537527,False
1077,3,0,0.012470753,False
1077,4,0,0.015852017,False
1077,5,0,0.019466024,False
1077,6,0,0.05365226,False
1077,7,0,0.11470198,True
1077,8,0,0.11432117,True
1077,9,0,0.136719,True
1077,10,0,0.053468682,False
1077,11,0,0.039263472,False
1077,12,0,0.016143281,False
1077,13,0,0.015507688,False
1077,14,1,0.7318782,True
1077,15,1,0.1615794,True
894,0,0,0.0007055414,False
894,1,0,0.022334348,False
894,2,0,0.0079263095,False
894,3,1,0.7392007,True
894,4,0,0.00023217025,False
894,5,0,0.0032202827,False
894,6,0,0.22865744,True
894,7,0,0.0032219067,False
894,8,0,0.0016370285,False
894,9,0,0.027561774,False
894,10,0,0.000120642966,False
894,11,0,0.0013201407,False
894,12,0,0.0010789782,False
894,13,0,0.00088274095,False
894,14,0,0.057634987,False
894,15,0,0.017872728,False
894,16,0,8.595327e-05,False
894,17,0,0.0021028814,False
894,18,0,0.0038579209,False
894,19,0,0.006154602,False
894,20,0,0.015602385,False
894,21,0,0.009318676,False
970,0,1,0.5986113,True
970,1,0,0.30514905,True
970,2,0,0.4864476,True
970,3,0,0.54748917,True
970,4,0,0.0002839597,False
970,5,0,0.067890085,False
970,6,0,0.11625725,True
970,7,0,0.05989431,False
970,8,0,0.0038673328,False
970,9,0,0.008732521,False
970,10,0,9.600249e-05,False
970,11,0,9.28709e-05,False
970,12,0,0.00081913715,False
970,13,0,9.644393e-05,False
970,14,0,0.000121189485,False
970,15,0,0.0017059037,False
970,16,0,0.00019498168,False
970,17,0,7.918311e-05,False
970,18,0,0.0022778464,False
970,19,0,0.02647158,False
970,20,0,0.00013581614,False
970,21,0,0.0010519284,False
970,22,0,8.679155e-05,False
970,23,0,6.7063906e-05,False
970,24,0,0.0007059675,False
970,25,0,8.071301e-05,False
970,26,0,0.00053735403,False
970,27,0,0.0012372979,False
970,28,0,0.00010344513,False
970,29,0,0.00025762687,False
970,30,0,0.0017616089,False
970,31,0,0.00010814263,False
970,32,0,0.000545047,False
970,33,0,8.613706e-05,False
1110,0,0,1.2708247e-05,False
1110,1,1,0.5911353,True
1110,2,0,0.0009444504,False
1110,3,0,9.209027e-05,False
1110,4,0,0.02561577,False
1110,5,0,0.02865499,False
1110,6,0,0.002580699,False
1110,7,0,0.018253116,False
1110,8,0,0.000111050715,False
1110,9,0,0.00012732804,False
1110,10,0,0.007535518,False
1110,11,0,0.009682655,False
1110,12,0,0.00016767289,False
1110,13,0,2.857609e-05,False
1110,14,0,0.0027509583,False
1110,15,0,0.001150825,False
1110,16,0,0.0011790454,False
1110,17,0,0.0018825469,False
1110,18,0,0.0013634668,False
1110,19,0,0.00014952042,False
1110,20,0,0.0002149453,False
1110,21,0,0.037240967,False
1110,22,0,9.857413e-06,False
1110,23,0,0.0018151652,False
353,0,0,0.35315216,True
353,1,0,0.0030102031,False
353,2,0,0.0033488714,False
353,3,0,0.12900569,True
353,4,0,0.014446073,False
353,5,0,0.006204449,False
353,6,0,0.01308015,False
353,7,0,0.029914951,False
353,8,0,0.00965587,False
353,9,1,0.4270105,True
353,10,0,0.11507081,True
353,11,0,0.062323734,False
353,12,0,0.00065778376,False
353,13,0,0.35493308,True
353,14,0,0.0008797747,False
353,15,0,0.36224067,True
353,16,0,0.003405864,False
353,17,0,2.3533983e-05,False
395,0,0,0.008736737,False
395,1,1,0.827627,True
395,2,0,0.050424173,False
395,3,0,0.1746186,True
395,4,0,0.033662513,False
395,5,0,0.016532378,False
395,6,0,0.040832143,False
395,7,0,0.011539446,False
395,8,0,5.3559725e-05,False
395,9,0,0.030586816,False
395,10,0,0.003099233,False
395,11,0,0.035241164,False
395,12,0,0.01243941,False
395,13,0,0.034105405,False
395,14,0,0.15423436,True
395,15,0,0.00049350056,False
395,16,0,0.00042132358,False
395,17,0,0.24036154,True
395,18,0,0.01197766,False
214,0,0,0.00016627231,False
214,1,0,0.0043398594,False
214,2,0,0.0006565658,False
214,3,0,0.0009568321,False
214,4,0,1.4782113e-05,False
214,5,0,1.1614064e-05,False
214,6,0,0.0006126965,False
214,7,0,0.0024743937,False
214,8,0,0.0025490993,False
214,9,0,0.17173181,True
214,10,0,0.022486014,False
214,11,0,0.0002305619,False
214,12,0,0.0009965379,False
214,13,0,0.0028597235,False
214,14,0,0.011318934,False
214,15,1,0.8874196,True
214,16,0,0.008648135,False
214,17,0,0.0042056832,False
214,18,0,0.00666085,False
962,0,0,0.035863273,False
962,1,0,0.04368403,False
962,2,0,0.033733696,False
962,3,0,0.027345857,False
962,4,0,0.014078988,False
962,5,0,0.02713114,False
962,6,0,0.036235992,False
962,7,0,0.48551625,True
962,8,0,0.0012601352,False
962,9,0,0.007813087,False
962,10,0,0.14963244,True
962,11,0,0.21535793,True
962,12,0,0.00037629894,False
962,13,0,0.016828954,False
962,14,1,0.1569077,True
215,0,0,0.0040377667,False
215,1,1,0.9390727,True
215,2,0,0.0001398026,False
215,3,0,0.0013060177,False
215,4,0,0.27228048,True
215,5,0,0.0018252999,False
215,6,0,0.0006298781,False
215,7,0,0.018658739,False
215,8,0,0.00019792607,False
215,9,0,0.0009375839,False
215,10,0,0.0012644184,False
215,11,0,0.0017512568,False
215,12,0,1.8723693e-05,False
215,13,0,0.00077097985,False
215,14,0,0.006654319,False
215,15,0,0.0005297142,False
215,16,0,0.008345559,False
215,17,0,0.008933804,False
215,18,0,0.019922558,False
215,19,0,0.022968482,False
839,0,0,0.004111052,False
839,1,1,0.613179,True
839,2,0,0.003023047,False
839,3,0,0.25074607,True
839,4,0,0.00021541433,False
839,5,0,0.014875252,False
839,6,0,0.0065755155,False
839,7,0,0.0033578882,False
839,8,0,0.00058487675,False
839,9,0,0.0029769256,False
839,10,0,0.006900024,False
839,11,0,0.0047106748,False
839,12,0,0.18501578,True
839,13,0,0.007271712,False
839,14,0,0.14012288,True
839,15,0,0.002604421,False
612,0,1,0.34222266,True
612,1,0,0.08102607,True
612,2,0,0.08844633,True
612,3,0,0.031713925,False
612,4,0,0.035466287,False
612,5,0,0.034361117,False
612,6,0,0.057940833,False
612,7,0,0.016231956,False
612,8,0,0.00011024841,False
612,9,0,0.075951315,False
612,10,0,0.03957172,False
612,11,0,0.023545966,False
612,12,0,0.034735873,False
612,13,0,0.005789516,False
612,14,1,0.45709065,True
744,0,0,0.012084299,False
744,1,0,0.049847934,False
744,2,0,0.0068147737,False
744,3,0,0.0023373466,False
744,4,0,0.0062318556,False
744,5,0,0.007422886,False
744,6,0,0.005168915,False
744,7,0,0.30090606,True
744,8,0,0.018569237,False
744,9,0,0.0038788805,False
744,10,1,0.374764,True
744,11,0,7.996087e-05,False
744,12,0,0.004427148,False
744,13,0,0.078791745,False
744,14,0,0.03315624,False
744,15,0,0.009924435,False
744,16,0,0.04287486,False
630,0,0,0.046572737,False
630,1,0,0.009869409,False
630,2,0,0.007921043,False
630,3,0,0.010106918,False
630,4,0,0.0041219476,False
630,5,1,0.4980028,True
630,6,1,0.54318154,True
630,7,0,0.0073598833,False
630,8,0,0.0132400235,False
630,9,0,0.035270896,False
630,10,0,0.15099448,True
630,11,0,0.025352128,False
630,12,0,0.01698223,False
630,13,0,0.0046343724,False
630,14,0,0.01592729,False
630,15,0,0.002148207,False
453,0,0,0.10145272,True
453,1,0,0.030976951,False
453,2,0,0.05470946,False
453,3,0,0.054636844,False
453,4,0,0.029801788,False
453,5,0,0.06518255,False
453,6,0,0.13214643,True
453,7,0,0.085011244,True
453,8,1,0.5641322,True
453,9,0,0.5687632,True
453,10,0,0.09853904,True
85,0,0,0.00024782124,False
85,1,0,0.2733124,True
85,2,1,0.012038554,False
85,3,0,0.047197558,False
85,4,0,0.0031145138,False
85,5,0,0.007402997,False
85,6,0,0.36867496,True
85,7,0,0.004083322,False
85,8,0,0.014336181,False
85,9,0,0.027482592,False
85,10,0,0.08706614,True
85,11,1,0.3797456,True
85,12,0,0.019917019,False
85,13,0,0.01867849,False
899,0,1,0.437061,True
899,1,0,0.015061942,False
899,2,0,0.019497436,False
899,3,0,0.0889529,True
899,4,0,0.015705368,False
899,5,0,0.009275086,False
899,6,0,0.16607286,True
899,7,0,0.041197196,False
899,8,0,0.0139776245,False
899,9,0,0.17952427,True
899,10,0,0.19184704,True
899,11,0,0.016994039,False
899,12,0,0.054455787,False
767,0,0,0.014144945,False
767,1,0,0.008839573,False
767,2,0,0.0057539335,False
767,3,0,0.6367041,True
767,4,0,0.0024251011,False
767,5,1,0.43175587,True
767,6,0,3.338307e-05,False
767,7,0,0.02102639,False
767,8,0,0.021343993,False
767,9,0,0.0071951062,False
767,10,0,0.009619655,False
767,11,0,0.01875617,False
767,12,0,0.014380058,False
767,13,0,0.0052870605,False
699,0,0,0.7068029,True
699,1,0,0.052614007,False
699,2,0,0.06763035,False
699,3,0,0.16178136,True
699,4,0,0.034450017,False
699,5,0,0.020576237,False
699,6,0,0.12547746,True
699,7,0,0.048634235,False
699,8,0,0.019461675,False
699,9,1,0.01329415,False
699,10,1,0.057599243,False
699,11,0,0.004615551,False
699,12,0,0.04034265,False
699,13,0,0.1151065,True
934,0,0,0.03454249,False
934,1,1,0.47443658,True
934,2,0,0.09094988,True
934,3,0,0.045847185,False
934,4,0,0.03151121,False
934,5,0,0.058751225,False
934,6,0,0.0146840755,False
934,7,0,0.098325044,True
934,8,0,0.05230932,False
934,9,0,0.11768482,True
934,10,0,0.13968545,True
934,11,0,0.014858777,False
934,12,0,0.07063971,False
934,13,0,8.369398e-05,False
934,14,0,0.07330503,False
322,0,0,0.37212354,True
322,1,0,0.058484696,False
322,2,0,0.040817898,False
322,3,0,0.003601797,False
322,4,0,0.0025550239,False
322,5,0,0.23197034,True
322,6,0,0.018048447,False
322,7,0,0.3367224,True
322,8,1,0.42141712,True
322,9,0,0.24210386,True
322,10,0,0.0032700917,False
322,11,0,0.047046676,False
773,0,0,0.008157981,False
773,1,0,0.025264788,False
773,2,0,0.0056258645,False
773,3,0,0.0029433682,False
773,4,0,0.0064767655,False
773,5,0,0.014604961,False
773,6,0,0.34817672,True
773,7,0,0.009873215,False
773,8,0,0.03710384,False
773,9,1,0.9452775,True
773,10,0,0.00061971904,False
773,11,0,0.009351375,False
773,12,0,0.015351408,False
773,13,0,0.18575464,True
17,0,0,0.17697117,True
17,1,0,0.025036914,False
17,2,0,0.017846005,False
17,3,0,0.007132938,False
17,4,0,0.0021342167,False
17,5,0,0.023195386,False
17,6,0,0.0016347568,False
17,7,0,0.00019374004,False
17,8,1,0.13645034,True
17,9,0,0.024152867,False
17,10,0,0.007536188,False
17,11,0,0.014570387,False
17,12,0,0.071306154,False
17,13,0,0.01127163,False
17,14,0,0.0067792963,False
17,15,0,0.0101921605,False
17,16,0,0.01873713,False
323,0,0,0.03672187,False
323,1,0,0.054508574,False
323,2,0,0.030304207,False
323,3,0,0.055914845,False
323,4,0,0.08353368,True
323,5,1,0.3460012,True
323,6,0,0.0012098737,False
323,7,1,0.19355123,True
323,8,0,0.0006487472,False
323,9,0,0.049755536,False
323,10,0,0.04293284,False
323,11,0,0.06854396,False
834,0,0,0.009298484,False
834,1,0,0.14286819,True
834,2,0,0.02080248,False
834,3,0,0.0029871643,False
834,4,0,0.07153495,False
834,5,0,0.01912448,False
834,6,0,0.0070018126,False
834,7,0,0.006772348,False
834,8,0,0.020355884,False
834,9,1,0.30870482,True
834,10,0,0.06316625,False
834,11,1,0.31429917,True
834,12,0,0.06795195,False
834,13,1,0.45073637,True
834,14,0,0.38090926,True
155,0,0,0.022459121,False
155,1,0,0.010479401,False
155,2,1,0.56612635,True
155,3,0,0.001508081,False
155,4,0,0.23798196,True
155,5,0,0.0003405975,False
155,6,0,0.0048595592,False
155,7,0,0.003421577,False
155,8,0,0.021171927,False
155,9,0,0.036504835,False
155,10,0,0.032649934,False
155,11,0,0.051850636,False
155,12,0,0.26780102,True
586,0,1,0.50094706,True
586,1,0,0.024492389,False
586,2,0,0.06703429,False
586,3,0,0.078188,False
586,4,0,0.095451705,True
586,5,0,0.10882049,True
586,6,0,0.12270709,True
586,7,0,0.09009047,True
586,8,0,0.11647411,True
586,9,0,0.05371418,False
586,10,0,0.038089447,False
173,0,0,0.15582639,True
173,1,0,0.0056616045,False
173,2,0,0.0069886227,False
173,3,0,0.008495098,False
173,4,0,0.0009981071,False
173,5,0,0.002500029,False
173,6,0,0.15711443,True
173,7,0,0.077696465,False
173,8,1,0.81711715,True
173,9,0,0.00016129123,False
173,10,0,0.0012851597,False
173,11,0,0.0056694266,False
173,12,0,0.011657674,False
173,13,0,0.21039064,True
439,0,0,0.029590474,False
439,1,1,0.67038465,True
439,2,0,0.00052954565,False
439,3,0,0.0087037245,False
439,4,0,0.5448028,True
439,5,0,0.002743169,False
439,6,0,0.008013002,False
439,7,0,0.016685026,False
439,8,0,0.0025155235,False
439,9,0,0.093880415,True
439,10,0,0.00015568324,False
439,11,0,8.185144e-06,False
439,12,0,0.009494404,False
439,13,0,0.0048074047,False
396,0,0,0.00062805123,False
396,1,0,0.0013875378,False
396,2,0,0.0013180609,False
396,3,0,0.004546824,False
396,4,0,0.0071437526,False
396,5,0,0.0047592632,False
396,6,0,0.042674426,False
396,7,0,0.0011148576,False
396,8,1,0.65809906,True
396,9,0,3.6404301e-06,False
396,10,0,0.0023350948,False
396,11,0,0.0074469275,False
396,12,0,0.000325541,False
396,13,0,0.007281845,False
396,14,0,6.8184534e-05,False
396,15,0,0.00078964967,False
396,16,0,0.00036114908,False
396,17,0,0.00046468698,False
396,18,0,0.0024763744,False
396,19,0,0.00056578236,False
396,20,0,0.00095771265,False
396,21,0,1.12840835e-05,False
497,0,0,0.015253663,False
497,1,0,0.034478717,False
497,2,0,0.004814315,False
497,3,0,0.0031696227,False
497,4,0,0.06294217,False
497,5,0,0.076388575,False
497,6,0,0.0065961424,False
497,7,0,0.2260722,True
497,8,0,0.0027234657,False
497,9,0,0.026541764,False
497,10,0,0.015582147,False
497,11,0,0.0455485,False
497,12,0,0.05451855,False
497,13,1,0.98862654,True
497,14,0,0.00011355346,False
920,0,0,0.23446172,True
920,1,0,0.008644186,False
920,2,0,0.023492163,False
920,3,0,0.017673207,False
920,4,0,0.01978085,False
920,5,0,0.079785004,True
920,6,0,0.014170728,False
920,7,0,0.0076553226,False
920,8,1,0.20954132,True
920,9,0,0.0051399847,False
920,10,0,0.01356929,False
920,11,0,0.1319848,True
920,12,0,0.005233807,False
920,13,0,0.07668696,False
1088,0,1,0.43150708,True
1088,1,0,0.028198058,False
1088,2,0,0.024799371,False
1088,3,0,0.050089557,False
1088,4,0,0.011415271,False
1088,5,0,7.7499666e-05,False
1088,6,0,0.014661148,False
1088,7,0,0.042784363,False
1088,8,0,0.08109089,True
1088,9,0,0.099439465,True
1088,10,0,0.1169569,True
1088,11,0,0.10423064,True
1088,12,0,0.06385502,False
1088,13,0,0.01013728,False
895,0,1,0.53278416,True
895,1,0,0.12596345,True
895,2,0,0.34008476,True
895,3,0,0.15032692,True
895,4,0,0.0032500979,False
895,5,0,0.007896821,False
895,6,0,0.021686666,False
895,7,0,0.0031941677,False
895,8,0,0.017571606,False
895,9,0,0.07017374,False
895,10,0,0.13645834,True
895,11,0,0.04790212,False
895,12,0,0.01409139,False
477,0,0,0.003364613,False
477,1,0,0.35748434,True
477,2,0,0.023871293,False
477,3,0,0.051307917,False
477,4,0,0.0062378626,False
477,5,0,0.007925717,False
477,6,0,0.43751866,True
477,7,0,0.007253735,False
477,8,1,0.63771325,True
477,9,0,0.02819766,False
477,10,0,0.00038746913,False
477,11,0,0.00650098,False
477,12,0,0.02802692,False
377,0,0,0.08216031,True
377,1,0,0.042416636,False
377,2,0,0.030263802,False
377,3,0,0.030781103,False
377,4,0,0.11336834,True
377,5,0,0.059029743,False
377,6,0,0.00058083615,False
377,7,0,0.09769781,True
377,8,0,0.08684675,True
377,9,0,0.16079184,True
377,10,1,0.1866105,True
377,11,0,0.124113485,True
377,12,0,0.0009906292,False
387,0,0,0.14199097,True
387,1,0,0.5856548,True
387,2,0,0.038029928,False
387,3,0,0.03764032,False
387,4,0,0.033419177,False
387,5,0,0.0026970496,False
387,6,1,0.0305381,False
387,7,1,0.17207114,True
387,8,0,0.0076705953,False
387,9,0,0.05423996,False
387,10,0,0.026321612,False
387,11,0,0.034779303,False
950,0,0,0.025717765,False
950,1,0,0.0077313846,False
950,2,0,0.28131086,True
950,3,0,0.09592129,True
950,4,0,0.00029280476,False
950,5,0,0.07387829,False
950,6,0,0.013396132,False
950,7,0,0.11567385,True
950,8,0,0.0138555085,False
950,9,0,0.009952221,False
950,10,1,0.48835644,True
950,11,0,0.0079304315,False
950,12,0,0.027443737,False
950,13,0,0.020026198,False
950,14,0,0.10977249,True
950,15,0,0.010983207,False
380,0,1,0.5450028,True
380,1,0,0.04748988,False
380,2,0,0.1192083,True
380,3,0,0.004742541,False
380,4,0,0.14891645,True
380,5,0,0.054676097,False
380,6,0,0.009280417,False
380,7,0,0.001487341,False
380,8,0,0.014349886,False
380,9,0,0.022130493,False
380,10,1,0.1748159,True
380,11,0,0.013583484,False
380,12,0,0.0027855942,False
731,0,0,0.014320201,False
731,1,0,0.23435684,True
731,2,0,0.03783069,False
731,3,1,0.13146445,True
731,4,0,0.03733698,False
731,5,0,0.003569812,False
731,6,0,0.008438059,False
731,7,0,0.015303229,False
731,8,0,0.0023910599,False
731,9,0,0.0002756728,False
731,10,0,0.040733967,False
731,11,0,0.01173524,False
731,12,0,0.7418259,True
731,13,0,0.0041414523,False
731,14,0,0.07658083,False
45,0,0,0.358122,True
45,1,0,0.006832832,False
45,2,0,0.008779399,False
45,3,0,0.006705168,False
45,4,0,0.009424312,False
45,5,0,0.069506265,False
45,6,0,0.0023315672,False
45,7,0,0.00015287411,False
45,8,0,0.002016288,False
45,9,0,0.0021475265,False
45,10,0,0.312437,True
45,11,0,0.00010413923,False
45,12,0,0.008895503,False
45,13,0,0.16638972,True
45,14,1,0.4455672,True
45,15,0,0.00027238563,False
111,0,0,0.0070240134,False
111,1,1,0.63451004,True
111,2,0,0.0034979659,False
111,3,0,0.11103079,True
111,4,0,0.0005484157,False
111,5,0,0.0037307667,False
111,6,0,0.0055372547,False
111,7,0,0.06885473,False
111,8,0,0.0032994258,False
111,9,0,0.005321579,False
111,10,0,0.007301295,False
111,11,0,0.005628514,False
111,12,0,0.0112804705,False
111,13,0,0.0047729956,False
111,14,0,0.0039736903,False
111,15,0,0.24037382,True
444,0,0,0.007849454,False
444,1,0,0.103886224,True
444,2,0,0.00023560216,False
444,3,0,0.0021632235,False
444,4,0,0.024102932,False
444,5,0,0.0008312814,False
444,6,0,0.041278966,False
444,7,0,0.008737402,False
444,8,0,0.028379774,False
444,9,0,0.16245292,True
444,10,0,0.00017061783,False
444,11,0,0.0015785875,False
444,12,1,0.47746095,True
444,13,0,0.011126409,False
444,14,0,0.0002402181,False
444,15,0,0.2187526,True
444,16,0,0.040675685,False
48,0,0,0.019883715,False
48,1,0,0.0031937594,False
48,2,0,0.0006992316,False
48,3,0,0.003425161,False
48,4,0,0.0019731366,False
48,5,0,0.0012126836,False
48,6,0,0.00046927299,False
48,7,0,0.0017358565,False
48,8,0,0.00029323835,False
48,9,0,2.4761413e-05,False
48,10,0,0.00027846443,False
48,11,0,0.33348063,True
48,12,0,0.01651441,False
48,13,0,0.06748204,False
48,14,0,0.25073254,True
48,15,0,0.10748827,True
48,16,1,0.52787805,True
48,17,0,0.0002500854,False
48,18,0,0.06724964,False
48,19,1,0.035380945,False
48,20,0,0.136471,True
48,21,0,0.052562647,False
48,22,0,0.11418586,True
72,0,0,0.22950289,True
72,1,0,0.2805772,True
72,2,0,0.3436322,True
72,3,0,0.030500494,False
72,4,0,0.08976163,True
72,5,0,0.101763695,True
72,6,0,0.03898644,False
72,7,1,0.2205627,True
72,8,0,0.07212275,False
72,9,0,0.048296463,False
1185,0,0,0.055597775,False
1185,1,0,0.005726205,False
1185,2,0,0.011982994,False
1185,3,0,0.0056005265,False
1185,4,0,0.0152319325,False
1185,5,0,0.018174736,False
1185,6,0,0.011971037,False
1185,7,0,0.0086555155,False
1185,8,0,0.1269452,True
1185,9,0,0.0030834035,False
1185,10,0,0.0017317571,False
1185,11,0,6.991502e-05,False
1185,12,0,0.0023814838,False
1185,13,1,0.754828,True
1185,14,0,0.042338364,False
1185,15,0,0.17555945,True
60,0,0,0.00041018738,False
60,1,0,0.00397646,False
60,2,1,0.627263,True
60,3,0,0.021608483,False
60,4,0,0.0017856446,False
60,5,0,0.005314544,False
60,6,0,0.0028658556,False
60,7,0,0.002045913,False
60,8,0,0.0010659077,False
60,9,0,0.0024254483,False
60,10,0,0.009518406,False
60,11,0,0.00033142045,False
60,12,0,0.10857184,True
60,13,0,0.0051515694,False
60,14,0,0.019502172,False
60,15,0,0.04457585,False
60,16,0,0.021631455,False
60,17,0,0.02284474,False
60,18,0,0.03455017,False
60,19,0,0.027738353,False
60,20,0,0.048821893,False
974,0,0,0.0008285041,False
974,1,0,0.004416474,False
974,2,0,0.01732,False
974,3,0,0.0013047658,False
974,4,1,0.23664941,True
974,5,0,0.0010812398,False
974,6,0,0.12114623,True
974,7,0,0.0048173023,False
974,8,0,0.00056911213,False
974,9,0,0.0005003881,False
974,10,0,0.009282364,False
974,11,0,0.006233329,False
974,12,0,0.004554181,False
974,13,0,0.0033841964,False
974,14,0,0.077266335,False
974,15,0,0.0018148826,False
974,16,0,0.0061635803,False
974,17,0,0.00029602766,False
974,18,0,0.003348515,False
713,0,0,0.56082445,True
713,1,0,0.037135985,False
713,2,0,0.033143643,False
713,3,0,0.05313809,False
713,4,0,0.019837745,False
713,5,0,0.020858286,False
713,6,0,0.059263077,False
713,7,0,0.10222444,True
713,8,0,0.032623257,False
713,9,0,0.032173946,False
713,10,0,7.7734745e-05,False
713,11,0,0.0725313,False
713,12,0,0.026677351,False
713,13,0,0.03387815,False
713,14,1,0.12918836,True
1048,0,0,0.25124142,True
1048,1,1,0.117614105,True
1048,2,0,0.051718216,False
1048,3,0,0.03781578,False
1048,4,0,0.043795176,False
1048,5,0,0.047628142,False
1048,6,0,0.029342737,False
1048,7,0,0.04527277,False
1048,8,0,0.040901665,False
1048,9,0,0.05545138,False
1048,10,0,0.044253875,False
1048,11,0,0.055585023,False
1048,12,1,0.09055985,True
1048,13,0,0.28763086,True
1160,0,0,0.5576527,True
1160,1,0,0.015903302,False
1160,2,0,0.18321879,True
1160,3,0,0.008252,False
1160,4,0,0.007748029,False
1160,5,0,0.008780893,False
1160,6,0,5.3428575e-05,False
1160,7,0,0.016361902,False
1160,8,0,0.031056507,False
1160,9,0,0.021655142,False
1160,10,0,0.012280145,False
1160,11,0,0.043025088,False
1160,12,1,0.33044243,True
1160,13,0,0.024859702,False
1160,14,0,0.025659312,False
1160,15,0,0.01583775,False
597,0,0,0.021408511,False
597,1,0,0.013904753,False
597,2,0,0.003446895,False
597,3,1,0.58905935,True
597,4,0,0.010099336,False
597,5,0,0.27791286,True
597,6,0,0.00013590253,False
597,7,0,0.0018129296,False
597,8,0,0.0027967442,False
597,9,0,0.007890252,False
597,10,0,0.010402059,False
597,11,0,0.0140015725,False
597,12,0,0.009497969,False
597,13,0,0.08154127,True
597,14,0,0.005512606,False
597,15,0,0.024066435,False
597,16,0,0.00043773043,False
597,17,0,0.0024702908,False
1147,0,0,0.12125512,True
1147,1,0,0.009786704,False
1147,2,0,0.005752436,False
1147,3,0,0.13461895,True
1147,4,1,0.6572136,True
1147,5,0,0.00021541618,False
1147,6,0,0.0020226778,False
1147,7,0,4.720182e-05,False
1147,8,0,0.008323092,False
1147,9,0,0.056425042,False
1147,10,0,0.0796462,True
1147,11,0,0.061315257,False
1147,12,0,0.048528522,False
1147,13,0,0.07135331,False
1147,14,0,0.06588396,False
1147,15,0,0.036347784,False
1147,16,0,0.11763658,True
447,0,0,0.1273647,True
447,1,0,0.061990604,False
447,2,0,0.09115031,True
447,3,0,0.075404674,False
447,4,0,0.040202823,False
447,5,0,0.035287093,False
447,6,0,0.1597998,True
447,7,0,0.07329389,False
447,8,1,0.5364498,True
447,9,0,0.06706364,False
447,10,0,0.08978853,True
539,0,1,0.5268502,True
539,1,0,0.10300037,True
539,2,0,0.05323505,False
539,3,0,0.061027657,False
539,4,0,0.055170868,False
539,5,0,0.047697112,False
539,6,0,0.050853394,False
539,7,0,0.037040092,False
539,8,0,0.03558599,False
539,9,0,9.208719e-05,False
539,10,0,0.051794484,False
539,11,0,0.060069855,False
539,12,0,0.069456294,False
403,0,0,0.042618014,False
403,1,0,0.0024993333,False
403,2,0,0.001930046,False
403,3,0,0.004835388,False
403,4,0,0.001340473,False
403,5,0,0.00026421066,False
403,6,0,0.00443185,False
403,7,0,0.0019464126,False
403,8,0,0.0013324287,False
403,9,0,0.000140471,False
403,10,0,0.078095295,False
403,11,0,0.010217606,False
403,12,0,0.0069489856,False
403,13,0,0.060262676,False
403,14,0,0.2318291,True
403,15,0,0.00011506003,False
403,16,0,0.04857641,False
403,17,0,0.03283925,False
403,18,1,0.3531641,True
403,19,0,0.008093236,False
403,20,0,0.013665856,False
475,0,0,0.027659502,False
475,1,1,0.24092133,True
475,2,0,0.011089455,False
475,3,0,0.012769643,False
475,4,0,0.0078091878,False
475,5,0,0.0071252594,False
475,6,0,0.005804808,False
475,7,0,0.19698343,True
475,8,0,0.0070746196,False
475,9,0,0.005963381,False
475,10,0,0.011206428,False
475,11,0,0.007306108,False
475,12,0,0.01707527,False
475,13,0,0.016757295,False
475,14,0,0.0828544,True
475,15,0,0.011979241,False
863,0,0,0.20904292,True
863,1,0,0.00046318406,False
863,2,0,0.0024478808,False
863,3,0,0.00025950637,False
863,4,0,0.009363941,False
863,5,0,0.0057247286,False
863,6,0,0.023267904,False
863,7,0,0.02147743,False
863,8,0,0.0013902235,False
863,9,0,0.17013611,True
863,10,0,0.008834619,False
863,11,0,0.0328869,False
863,12,0,0.052930832,False
863,13,1,0.58864266,True
863,14,0,0.08087533,True
863,15,0,0.0038388828,False
863,16,0,0.0014072009,False
863,17,0,9.127709e-05,False
300,0,0,0.061993696,False
300,1,0,0.279989,True
300,2,0,0.10244257,True
300,3,0,0.13075078,True
300,4,0,0.0089143915,False
300,5,0,0.0135787325,False
300,6,0,0.06253566,False
300,7,0,0.07096848,False
300,8,1,0.48331836,True
300,9,0,0.058694582,False
300,10,0,0.015188414,False
552,0,0,0.0003543478,False
552,1,0,0.074846506,False
552,2,0,0.06508684,False
552,3,0,0.016571894,False
552,4,1,0.02734238,False
552,5,0,0.7562045,True
552,6,0,0.00012062445,False
552,7,0,0.011490728,False
552,8,0,0.007982819,False
552,9,0,0.011129662,False
552,10,0,0.0008470462,False
552,11,0,0.0005812116,False
552,12,1,0.084517494,True
552,13,0,0.0076225125,False
552,14,0,0.0006987762,False
552,15,0,0.013133608,False
985,0,0,0.00055593014,False
985,1,0,0.15149678,True
985,2,0,0.14605424,True
985,3,0,0.07011277,False
985,4,0,0.021406654,False
985,5,0,0.15637174,True
985,6,0,0.09002158,True
985,7,0,0.008167984,False
985,8,0,0.022799928,False
985,9,0,0.018127734,False
985,10,0,0.09582387,True
985,11,0,0.19522503,True
985,12,1,0.15782005,True
985,13,0,0.09503433,True
985,14,0,0.021031966,False
985,15,0,0.009005178,False
985,16,0,0.039374936,False
479,0,0,0.0075579784,False
479,1,0,0.01703753,False
479,2,0,0.008980301,False
479,3,0,0.007487601,False
479,4,1,0.60585487,True
479,5,0,0.0029281697,False
479,6,0,0.44170436,True
479,7,0,9.40367e-05,False
479,8,0,0.040915612,False
479,9,0,0.01673603,False
479,10,0,0.23034562,True
479,11,0,0.027347757,False
479,12,0,0.008455628,False
479,13,0,0.009452046,False
357,0,1,0.58985746,True
357,1,0,0.039496448,False
357,2,0,0.28212583,True
357,3,0,0.007428573,False
357,4,0,0.29987362,True
357,5,0,0.073528446,False
357,6,0,0.0027351477,False
357,7,0,0.0029911576,False
357,8,0,0.038262736,False
357,9,0,0.037552066,False
357,10,0,0.051547147,False
357,11,0,0.0035354206,False
50,0,0,7.1443945e-05,False
50,1,0,0.0040390575,False
50,2,0,0.009240304,False
50,3,0,0.025742471,False
50,4,0,5.022441e-05,False
50,5,0,0.0006933566,False
50,6,1,0.4957471,True
50,7,0,0.019042475,False
50,8,0,0.17835748,True
50,9,0,0.27574214,True
50,10,0,0.12143895,True
50,11,0,0.4334724,True
50,12,1,0.09636006,True
50,13,0,0.011724445,False
50,14,0,0.017930018,False
50,15,0,0.002438291,False
50,16,0,0.0012332498,False
50,17,0,9.259244e-05,False
50,18,0,0.00014702129,False
50,19,0,3.298475e-05,False
1014,0,0,0.030747505,False
1014,1,0,0.10560759,True
1014,2,0,0.045410812,False
1014,3,0,0.03222025,False
1014,4,0,0.15171506,True
1014,5,0,6.4094405e-05,False
1014,6,0,0.0030287306,False
1014,7,0,0.0023245763,False
1014,8,0,0.00824041,False
1014,9,0,0.015419557,False
1014,10,0,0.022988034,False
1014,11,0,0.01281687,False
1014,12,0,0.0069473805,False
1014,13,0,0.00021613893,False
1014,14,0,0.024107067,False
1014,15,1,0.33127105,True
1014,16,0,0.016675655,False
1014,17,0,0.056645937,False
1014,18,0,0.31805792,True
1014,19,0,0.0045717936,False
1051,0,0,0.00043094862,False
1051,1,0,0.12158405,True
1051,2,0,0.07414049,False
1051,3,1,0.24739622,True
1051,4,0,0.08873899,True
1051,5,0,0.0026870922,False
1051,6,0,0.0038109748,False
1051,7,0,0.032590564,False
1051,8,0,0.065480016,False
1051,9,0,0.1154636,True
1051,10,0,0.10948847,True
1051,11,0,0.11510953,True
1051,12,0,0.10333758,True
1051,13,0,0.036918696,False
1051,14,0,0.0029324552,False
243,0,0,0.02175462,False
243,1,0,0.009753732,False
243,2,0,0.04328603,False
243,3,1,0.6566898,True
243,4,0,0.0027198119,False
243,5,0,0.22415677,True
243,6,0,0.00022530374,False
243,7,0,0.005408303,False
243,8,0,0.0075454162,False
243,9,0,0.019643636,False
243,10,0,0.0065100007,False
243,11,0,0.011620024,False
243,12,0,0.00435735,False
603,0,0,0.25083902,True
603,1,0,0.017807107,False
603,2,0,0.024059078,False
603,3,0,0.05725193,False
603,4,0,0.010052602,False
603,5,0,0.013549912,False
603,6,0,0.021670891,False
603,7,0,0.045000777,False
603,8,0,0.028653385,False
603,9,0,0.031171639,False
603,10,0,0.024323592,False
603,11,0,0.017388964,False
603,12,1,0.08956661,True
603,13,0,0.44441846,True
603,14,0,0.0071653426,False
603,15,0,0.0071217557,False
506,0,0,0.0003993511,False
506,1,0,0.51643735,True
506,2,0,0.15509374,True
506,3,0,0.3903394,True
506,4,1,0.08731967,True
506,5,0,0.22673176,True
506,6,0,0.0008018613,False
506,7,0,0.0011343035,False
506,8,0,0.0039354055,False
506,9,0,0.00024683884,False
506,10,0,0.0003156731,False
506,11,0,0.0015543189,False
506,12,0,0.0001969295,False
506,13,0,0.00013349879,False
506,14,0,0.0025286952,False
506,15,0,0.00022202713,False
506,16,0,0.00015379672,False
506,17,0,0.0017316805,False
506,18,0,0.00067387964,False
506,19,0,0.00095231197,False
506,20,0,0.0025555901,False
506,21,0,0.00029099142,False
506,22,0,0.00017861175,False
506,23,0,0.001289351,False
506,24,0,0.0001847569,False
506,25,0,0.00017567253,False
506,26,0,0.001860852,False
506,27,0,0.00015721259,False
506,28,0,0.00022539443,False
506,29,0,0.017290913,False
506,30,0,0.0077490844,False
506,31,0,0.00028949272,False
506,32,0,0.00021588396,False
1140,0,0,0.38745862,True
1140,1,0,0.013040433,False
1140,2,0,0.008302863,False
1140,3,0,0.002187557,False
1140,4,0,0.2746402,True
1140,5,0,0.12301239,True
1140,6,0,0.21355891,True
1140,7,0,0.13471279,True
1140,8,0,0.014722,False
1140,9,1,0.18343675,True
1140,10,0,0.024970526,False
1140,11,0,0.036329836,False
1140,12,0,0.047260318,False
1140,13,0,0.020483997,False
1140,14,0,4.6073495e-05,False
1140,15,0,0.026741475,False
1140,16,0,0.038034167,False
1140,17,0,0.026768934,False
692,0,0,0.0027514896,False
692,1,0,0.037329484,False
692,2,0,0.05343802,False
692,3,1,0.40624842,True
692,4,0,2.4386578e-05,False
692,5,0,0.026817871,False
692,6,0,0.005249869,False
692,7,0,0.0055716974,False
692,8,0,0.0007173287,False
692,9,0,0.00015868734,False
692,10,0,0.10732735,True
692,11,0,0.00047579012,False
692,12,0,0.00013628081,False
692,13,0,0.002170246,False
692,14,0,0.11255822,True
692,15,1,0.04659822,False
692,16,0,0.08692368,True
692,17,0,0.098451875,True
878,0,1,0.4730435,True
878,1,0,0.013353074,False
878,2,0,0.016784364,False
878,3,0,0.036942076,False
878,4,1,0.031223997,False
878,5,0,0.039531697,False
878,6,0,0.31801125,True
878,7,0,0.010664281,False
878,8,0,0.045497157,False
878,9,0,0.086406045,True
878,10,0,0.07833054,False
878,11,0,0.06744627,False
878,12,0,0.027959751,False
518,0,0,0.00019852577,False
518,1,1,0.12024615,True
518,2,0,0.09234561,True
518,3,0,0.12893917,True
518,4,0,0.052972265,False
518,5,0,0.00013829298,False
518,6,1,0.091256715,True
518,7,0,0.05989601,False
518,8,0,0.0074345884,False
518,9,0,0.0008867731,False
518,10,0,0.00023590111,False
518,11,0,0.061147995,False
518,12,0,0.4555822,True
518,13,0,0.0013437625,False
518,14,0,0.00015034704,False
518,15,0,0.011165794,False
1157,0,0,3.6130252e-05,False
1157,1,0,0.018280415,False
1157,2,0,0.009556221,False
1157,3,0,0.030582292,False
1157,4,0,0.013369368,False
1157,5,0,0.0025066682,False
1157,6,0,0.04009239,False
1157,7,0,0.0024078977,False
1157,8,0,0.0029958468,False
1157,9,1,0.6848433,True
1157,10,0,0.032056615,False
1157,11,0,0.0022257408,False
1157,12,0,0.029768908,False
1157,13,0,0.008451004,False
1157,14,0,0.011437813,False
771,0,0,0.0032949536,False
771,1,1,0.6627112,True
771,2,0,0.0031558808,False
771,3,0,0.41831788,True
771,4,0,0.0004995117,False
771,5,0,0.057274703,False
771,6,0,0.01639285,False
771,7,0,0.17104647,True
771,8,0,0.0005528019,False
771,9,0,0.001458625,False
771,10,0,0.010290884,False
771,11,0,0.02556779,False
771,12,0,0.011755431,False
771,13,0,0.00090881356,False
203,0,1,0.57184666,True
203,1,0,0.022824049,False
203,2,0,0.0048384364,False
203,3,0,0.021395998,False
203,4,0,0.021947196,False
203,5,0,0.10471551,True
203,6,0,0.0523249,False
203,7,0,0.020091936,False
203,8,1,0.08962686,True
203,9,0,0.007718213,False
203,10,0,0.009887966,False
542,0,0,0.530569,True
542,1,0,0.01864853,False
542,2,0,0.02889969,False
542,3,0,0.058192965,False
542,4,0,0.00023144488,False
542,5,0,0.10926021,True
542,6,0,0.088575795,True
542,7,0,0.053205892,False
542,8,0,0.040154595,False
542,9,1,0.62242866,True
542,10,0,0.05636188,False
542,11,0,0.081671566,True
542,12,0,0.038176373,False
138,0,0,0.012357441,False
138,1,0,0.054341078,False
138,2,0,0.009238654,False
138,3,0,0.8918765,True
138,4,0,0.00075644185,False
138,5,0,0.016644375,False
138,6,1,0.020452758,False
138,7,0,0.028466888,False
138,8,0,0.017823303,False
138,9,0,0.03031478,False
138,10,0,0.021615254,False
138,11,0,0.028615247,False
576,0,0,9.4491355e-05,False
576,1,0,0.06610983,False
576,2,0,0.17113724,True
576,3,1,0.18883358,True
576,4,0,0.013997655,False
576,5,0,0.054852128,False
576,6,0,0.08948136,True
576,7,0,0.10060382,True
576,8,0,0.11219404,True
576,9,0,0.05866356,False
576,10,0,0.12460592,True
576,11,0,0.00012546008,False
576,12,0,0.094103076,True
53,0,0,0.02251853,False
53,1,1,0.49903008,True
53,2,0,0.00021495862,False
53,3,0,0.021437656,False
53,4,0,0.010066485,False
53,5,0,0.005953902,False
53,6,0,0.003858522,False
53,7,0,0.004257705,False
53,8,0,0.09860977,True
53,9,0,0.2804536,True
53,10,0,0.0828666,True
53,11,0,0.047110613,False
53,12,0,0.034603916,False
53,13,0,0.0008618089,False
53,14,0,0.0056569683,False
53,15,0,0.00024614413,False
53,16,0,6.5896156e-06,False
721,0,0,0.42677277,True
721,1,0,0.04072106,False
721,2,0,0.012923466,False
721,3,0,0.013016226,False
721,4,0,0.00021257435,False
721,5,0,2.47094e-05,False
721,6,0,0.016429102,False
721,7,1,0.48857158,True
721,8,0,0.007634237,False
721,9,0,0.00384065,False
721,10,0,0.043251425,False
721,11,0,0.16585606,True
721,12,0,0.006351248,False
721,13,0,0.25683942,True
721,14,0,0.01377045,False
721,15,0,0.00020830373,False
1175,0,0,0.20490003,True
1175,1,0,0.037313525,False
1175,2,0,0.044501845,False
1175,3,0,0.05187277,False
1175,4,0,0.025622066,False
1175,5,0,0.014851764,False
1175,6,0,0.3977481,True
1175,7,0,0.01712546,False
1175,8,0,0.23881812,True
1175,9,0,0.0129395155,False
1175,10,0,0.015221179,False
1175,11,0,0.014443188,False
1175,12,1,0.12624945,True
1175,13,0,0.034304142,False
22,0,0,0.36618242,True
22,1,0,0.17578991,True
22,2,0,0.11945176,True
22,3,0,0.015288361,False
22,4,0,0.030843224,False
22,5,0,0.017658776,False
22,6,0,0.016629742,False
22,7,0,0.017620007,False
22,8,0,0.015609336,False
22,9,1,0.6129013,True
22,10,0,0.31608334,True
22,11,1,0.59857345,True
1104,0,0,0.4315459,True
1104,1,0,0.033163376,False
1104,2,0,0.046132967,False
1104,3,0,0.08186206,True
1104,4,0,0.0847166,True
1104,5,0,0.027260775,False
1104,6,0,0.023307523,False
1104,7,1,0.476257,True
1104,8,1,0.032429155,False
1104,9,0,0.0645658,False
1104,10,0,0.07111028,False
1104,11,0,0.034393158,False
732,0,0,0.0037222658,False
732,1,0,0.028817324,False
732,2,1,0.66059524,True
732,3,0,0.00013417275,False
732,4,0,0.0031227146,False
732,5,0,0.32840937,True
732,6,0,0.025612297,False
732,7,0,0.0011817039,False
732,8,0,0.04232024,False
732,9,0,0.0006500373,False
732,10,0,0.0011800504,False
732,11,0,0.0023235925,False
732,12,0,0.00087764295,False
732,13,0,4.272811e-05,False
732,14,0,0.0055914815,False
732,15,0,0.00022341401,False
732,16,0,0.0007503647,False
732,17,0,0.00575059,False
732,18,0,0.00025899793,False
732,19,0,0.000634266,False
945,0,0,0.0045161634,False
945,1,0,0.3466127,True
945,2,0,0.0027421138,False
945,3,0,0.006138776,False
945,4,0,0.0021706591,False
945,5,0,0.010753474,False
945,6,0,0.2598081,True
945,7,0,0.060923092,False
945,8,0,0.014163416,False
945,9,0,0.32930273,True
945,10,1,0.22524926,True
945,11,0,0.02943754,False
945,12,0,0.007722066,False
945,13,0,0.0036041099,False
945,14,0,0.0015740576,False
945,15,0,0.043053053,False
945,16,0,0.0027894357,False
945,17,0,4.26223e-05,False
909,0,0,0.0024002197,False
909,1,1,0.4308878,True
909,2,0,0.013987702,False
909,3,0,0.4180347,True
909,4,0,0.006200366,False
909,5,0,0.13321964,True
909,6,0,0.17032088,True
909,7,0,0.0015706815,False
909,8,0,0.0025499335,False
909,9,0,0.019420378,False
909,10,0,0.028032063,False
909,11,0,0.22302875,True
909,12,0,0.020391703,False
909,13,0,0.0030162453,False
154,0,0,0.013440066,False
154,1,0,0.020678995,False
154,2,1,0.7273053,True
154,3,0,0.015813872,False
154,4,0,0.33638722,True
154,5,0,0.00025599007,False
154,6,0,0.0038321358,False
154,7,0,0.004894492,False
154,8,0,0.014177922,False
154,9,0,0.014760042,False
154,10,1,0.2952776,True
154,11,0,0.018613294,False
154,12,0,0.002250002,False
1151,0,0,0.085273705,True
1151,1,0,0.002926313,False
1151,2,0,0.0072431797,False
1151,3,0,0.0055227033,False
1151,4,0,0.0014643332,False
1151,5,1,0.51033217,True
1151,6,1,0.5230826,True
1151,7,0,0.0018907036,False
1151,8,0,0.009286417,False
1151,9,0,0.0022898843,False
1151,10,0,0.00284966,False
1151,11,0,0.03373782,False
1151,12,0,0.05526475,False
1151,13,0,0.0004450881,False
1151,14,0,2.5502008e-05,False
1151,15,0,0.0021783381,False
1151,16,0,0.0068236124,False
1151,17,0,0.0031289107,False
1151,18,0,0.06820299,False
1151,19,0,0.0021130252,False
121,0,0,0.057441752,False
121,1,0,0.0043422272,False
121,2,0,0.0019888529,False
121,3,0,0.009855396,False
121,4,0,0.0028935145,False
121,5,0,0.002908076,False
121,6,0,0.001818331,False
121,7,0,0.0020456053,False
121,8,0,0.00704338,False
121,9,0,0.00026170854,False
121,10,0,0.16632457,True
121,11,0,0.005058191,False
121,12,0,0.011440272,False
121,13,0,0.053301133,False
121,14,0,0.07995559,True
121,15,0,0.009663356,False
121,16,1,0.07615393,False
121,17,1,0.32381022,True
121,18,0,0.05799118,False
121,19,0,0.03951587,False
121,20,0,0.07201198,False
121,21,0,0.006812256,False
303,0,0,0.14021417,True
303,1,0,0.10916043,True
303,2,0,0.102151975,True
303,3,0,0.17620176,True
303,4,0,0.008020722,False
303,5,0,0.019496953,False
303,6,0,0.037501924,False
303,7,0,0.11617505,True
303,8,1,0.40448913,True
303,9,0,0.049131166,False
303,10,0,0.017565096,False
1154,0,1,0.23769176,True
1154,1,0,0.0067227823,False
1154,2,0,0.01693616,False
1154,3,0,0.015749235,False
1154,4,0,0.0041253883,False
1154,5,0,0.040954467,False
1154,6,0,0.101558745,True
1154,7,1,0.053143367,False
1154,8,1,0.08008048,True
1154,9,0,0.0006222217,False
1154,10,0,0.04772572,False
1154,11,0,0.015508766,False
1154,12,0,0.015700363,False
1154,13,0,0.0097481245,False
1181,0,0,0.1287995,True
1181,1,0,0.06774914,False
1181,2,0,0.054427102,False
1181,3,0,0.0019847022,False
1181,4,0,0.0038122712,False
1181,5,0,0.102631904,True
1181,6,0,0.2700274,True
1181,7,0,0.20278545,True
1181,8,0,0.0027449368,False
1181,9,0,0.08018776,True
1181,10,0,0.00017121919,False
1181,11,0,0.09912426,True
1181,12,0,0.032863263,False
1181,13,0,5.5728888e-05,False
1181,14,0,0.022880057,False
1181,15,1,0.7887173,True
605,0,0,0.06547214,False
605,1,0,0.008410667,False
605,2,0,0.01175573,False
605,3,0,0.023845892,False
605,4,0,0.02360931,False
605,5,0,0.018567672,False
605,6,0,0.012733751,False
605,7,0,0.6288494,True
605,8,1,0.96384865,True
605,9,1,0.6387115,True
605,10,0,0.14768703,True
605,11,0,0.070807606,False
707,0,0,0.008921846,False
707,1,0,0.0010375254,False
707,2,1,0.6120971,True
707,3,0,0.10247166,True
707,4,0,0.011214366,False
707,5,0,0.51815903,True
707,6,0,0.24542268,True
707,7,0,0.0037146662,False
707,8,0,0.01672689,False
707,9,0,0.036421202,False
707,10,0,0.06380873,False
707,11,0,0.03507996,False
707,12,0,0.021291682,False
490,0,0,0.045677572,False
490,1,0,0.040536538,False
490,2,0,0.030023616,False
490,3,0,0.05355822,False
490,4,0,0.024784118,False
490,5,0,0.01752785,False
490,6,0,0.036484428,False
490,7,1,0.5389632,True
490,8,0,0.13982709,True
490,9,0,0.093858846,True
490,10,1,0.47628534,True
490,11,0,0.03874504,False
953,0,1,0.081826285,True
953,1,1,0.22775316,True
953,2,0,0.047262684,False
953,3,0,0.0104711065,False
953,4,0,0.043844096,False
953,5,0,0.073245145,False
953,6,0,0.00012302649,False
953,7,0,0.024624905,False
953,8,0,0.1286736,True
953,9,0,0.008001415,False
953,10,0,0.025858445,False
953,11,1,0.24239816,True
953,12,0,0.03408394,False
953,13,0,0.00052965514,False
953,14,0,0.14664221,True
407,0,0,0.03754594,False
407,1,0,0.07396504,False
407,2,0,0.07017233,False
407,3,0,0.022241432,False
407,4,0,0.11025004,True
407,5,0,0.14467104,True
407,6,0,0.22358745,True
407,7,0,0.30191883,True
407,8,0,0.34954712,True
407,9,1,0.6431894,True
407,10,0,0.006019309,False
359,0,0,0.512567,True
359,1,0,0.029222744,False
359,2,0,0.17677097,True
359,3,0,0.008487798,False
359,4,0,0.0020631293,False
359,5,0,0.050586406,False
359,6,0,0.031991143,False
359,7,0,0.054400932,False
359,8,0,0.011549241,False
359,9,0,0.014670141,False
359,10,0,0.011826577,False
359,11,1,0.3885455,True
355,0,0,0.0032107686,False
355,1,0,0.19005199,True
355,2,0,0.006163995,False
355,3,0,0.039992217,False
355,4,0,0.018389653,False
355,5,0,0.011368298,False
355,6,0,0.01937742,False
355,7,0,0.07437819,False
355,8,0,0.08848725,True
355,9,1,0.6411588,True
355,10,0,0.044611253,False
355,11,0,0.016002672,False
637,0,0,0.17033495,True
637,1,0,0.0006545715,False
637,2,0,0.024158888,False
637,3,0,0.1210888,True
637,4,0,0.005482794,False
637,5,0,0.01240357,False
637,6,0,0.031450838,False
637,7,0,0.009868545,False
637,8,0,0.005391142,False
637,9,0,0.51389277,True
637,10,0,0.13040134,True
637,11,0,0.0063108797,False
637,12,0,0.016040094,False
637,13,0,0.014615134,False
637,14,0,0.010996995,False
637,15,1,0.20609368,True
637,16,0,0.054259,False
637,17,0,0.004598019,False
666,0,0,0.118833706,True
666,1,0,0.0058064642,False
666,2,0,0.008390953,False
666,3,0,0.014030291,False
666,4,0,0.023275202,False
666,5,1,0.19732569,True
666,6,0,0.015413214,False
666,7,1,0.037933875,False
666,8,0,0.002213993,False
666,9,0,0.003481313,False
666,10,0,0.008681014,False
666,11,1,0.012728992,False
666,12,0,0.006976651,False
666,13,0,0.017488783,False
666,14,0,0.013429872,False
666,15,0,0.0058534867,False
609,0,0,0.13448669,True
609,1,0,0.010405472,False
609,2,0,0.0143005075,False
609,3,0,0.08399001,True
609,4,0,0.35303706,True
609,5,0,0.043264844,False
609,6,0,0.05041827,False
609,7,0,0.039940845,False
609,8,0,0.056084525,False
609,9,0,0.04772481,False
609,10,0,0.05340805,False
609,11,0,0.07724628,False
609,12,1,0.36755425,True
1073,0,1,0.24695273,True
1073,1,0,0.10236514,True
1073,2,0,0.059236776,False
1073,3,0,0.07141031,False
1073,4,0,0.062341526,False
1073,5,0,0.0860991,True
1073,6,0,0.08835266,True
1073,7,0,0.12180046,True
1073,8,0,0.10164216,True
1073,9,0,0.09168443,True
1073,10,0,0.08536574,True
1073,11,0,0.10560861,True
1073,12,0,0.10520263,True
276,0,0,0.009977776,False
276,1,0,0.4656004,True
276,2,0,0.00044447888,False
276,3,0,0.015709238,False
276,4,0,0.005656209,False
276,5,0,0.008021428,False
276,6,0,0.007326533,False
276,7,0,0.0056348694,False
276,8,0,0.024963722,False
276,9,1,0.42899773,True
276,10,0,0.42240003,True
276,11,0,0.008354917,False
276,12,0,0.0072574033,False
371,0,0,0.18899766,True
371,1,0,0.013546229,False
371,2,0,0.017860722,False
371,3,0,0.028330585,False
371,4,0,0.0078056348,False
371,5,0,0.012192663,False
371,6,1,0.35307148,True
371,7,0,0.5650818,True
371,8,0,0.02330705,False
371,9,0,0.041808076,False
371,10,0,0.02298721,False
371,11,0,0.018017774,False
780,0,0,0.4903209,True
780,1,0,0.018924046,False
780,2,0,0.013928106,False
780,3,0,0.016961703,False
780,4,0,0.0055208676,False
780,5,0,0.0734278,False
780,6,0,0.010803273,False
780,7,0,0.4915544,True
780,8,0,0.07776711,False
780,9,0,0.010643067,False
780,10,0,0.022356026,False
780,11,0,0.012724691,False
780,12,1,0.28755903,True
780,13,0,0.03734457,False
780,14,1,0.15936013,True
292,0,0,0.08381804,True
292,1,1,0.024855444,False
292,2,0,0.085514724,True
292,3,0,0.21856089,True
292,4,0,0.0014968992,False
292,5,0,0.07279433,False
292,6,0,0.016702872,False
292,7,0,0.014103287,False
292,8,0,0.012962514,False
292,9,0,0.004443021,False
292,10,0,2.2520926e-05,False
292,11,0,0.0020972856,False
292,12,0,0.38418183,True
292,13,0,0.008116417,False
292,14,0,0.000108330074,False
292,15,0,0.004154924,False
1020,0,0,0.119907334,True
1020,1,1,0.58966005,True
1020,2,0,0.010643565,False
1020,3,0,0.010610405,False
1020,4,0,0.022750353,False
1020,5,0,0.026496628,False
1020,6,0,0.06957662,False
1020,7,0,0.08083437,True
1020,8,0,0.08032808,True
1020,9,0,0.061741535,False
1020,10,0,0.0009508369,False
1020,11,0,7.557671e-05,False
1020,12,0,0.04243485,False
1020,13,0,0.08459403,True
1020,14,0,0.007747846,False
368,0,1,0.6157081,True
368,1,0,0.05890805,False
368,2,0,0.21387644,True
368,3,0,0.0012676946,False
368,4,0,0.13311443,True
368,5,0,0.12088354,True
368,6,0,0.005062452,False
368,7,0,0.0047046714,False
368,8,0,0.05159361,False
368,9,1,0.071049385,False
368,10,0,0.04973713,False
368,11,0,0.008823903,False
544,0,0,0.00019539689,False
544,1,1,0.34770095,True
544,2,0,0.19625275,True
544,3,0,0.29769552,True
544,4,1,0.38040808,True
544,5,0,0.00017629036,False
544,6,0,0.044505324,False
544,7,0,0.035707243,False
544,8,0,0.38684162,True
544,9,0,0.03899005,False
544,10,0,0.06510933,False
544,11,0,0.048459962,False
544,12,0,0.034115233,False
35,0,0,0.43462688,True
35,1,0,0.011144864,False
35,2,0,0.012782105,False
35,3,0,0.021064827,False
35,4,0,0.016950227,False
35,5,0,0.023012375,False
35,6,1,0.12884441,True
35,7,1,0.08255694,True
35,8,0,0.09710613,True
35,9,0,0.00061122584,False
35,10,0,0.13290529,True
35,11,0,0.015098133,False
35,12,0,0.02081244,False
35,13,1,0.3801051,True
460,0,0,0.2411134,True
460,1,0,0.24441639,True
460,2,0,0.09016211,True
460,3,0,0.040613182,False
460,4,0,0.031516038,False
460,5,0,0.16147102,True
460,6,0,0.09430374,True
460,7,0,0.04995814,False
460,8,0,0.24688822,True
460,9,0,0.068058684,False
460,10,1,0.3731516,True
460,11,0,0.2733857,True
850,0,0,0.36959085,True
850,1,0,0.018566778,False
850,2,0,0.19012275,True
850,3,0,0.00013109516,False
850,4,0,0.006402077,False
850,5,0,0.003664201,False
850,6,0,0.02359969,False
850,7,0,0.0119919,False
850,8,0,0.01170409,False
850,9,1,0.19716814,True
850,10,0,0.09556984,True
850,11,0,0.05259749,False
850,12,0,0.020332169,False
850,13,0,0.01690224,False
29,0,1,0.3326606,True
29,1,0,0.033443898,False
29,2,0,0.010124183,False
29,3,0,0.031373147,False
29,4,0,0.015147229,False
29,5,0,0.0140597075,False
29,6,0,0.382818,True
29,7,0,0.17159766,True
29,8,0,0.54119277,True
29,9,0,0.15012099,True
29,10,0,0.0020912057,False
29,11,0,0.017729588,False
29,12,0,0.029825496,False
511,0,0,0.00016269436,False
511,1,0,0.15992475,True
511,2,0,0.0005859201,False
511,3,1,0.24841215,True
511,4,0,0.4338714,True
511,5,0,0.59040695,True
511,6,0,0.1826827,True
511,7,0,0.031237742,False
511,8,0,0.00083223725,False
511,9,0,0.0045534545,False
511,10,0,0.0030588547,False
511,11,0,0.00013942213,False
511,12,0,0.00066353165,False
511,13,0,0.0012537899,False
511,14,0,0.00014316264,False
511,15,0,0.00021464958,False
511,16,0,0.0021921552,False
511,17,0,0.000324963,False
511,18,0,0.00022052856,False
511,19,0,0.0013573787,False
511,20,0,0.00020366025,False
511,21,0,0.00013762471,False
511,22,0,0.0014401034,False
511,23,0,9.111091e-05,False
511,24,0,0.0001398694,False
511,25,0,0.0011290938,False
511,26,0,0.00023518965,False
511,27,0,0.00022186461,False
511,28,0,0.0011496531,False
511,29,0,0.0001069981,False
511,30,0,0.00012853279,False
511,31,0,0.00014104291,False
428,0,0,0.025090342,False
428,1,0,0.030449074,False
428,2,0,0.023978988,False
428,3,0,0.010311532,False
428,4,0,0.045807485,False
428,5,0,0.021942457,False
428,6,0,0.045234997,False
428,7,0,0.60821265,True
428,8,0,0.0004872223,False
428,9,0,0.011199016,False
428,10,1,0.5994965,True
428,11,0,0.009818529,False
428,12,0,0.00029653695,False
428,13,0,0.0010359185,False
428,14,0,0.00028485124,False
954,0,0,8.26288e-05,False
954,1,1,0.14290765,True
954,2,0,0.061470237,False
954,3,0,0.033071276,False
954,4,0,0.045136243,False
954,5,0,0.028333662,False
954,6,0,0.093599774,True
954,7,0,0.06556259,False
954,8,0,0.18579663,True
954,9,0,0.20106857,True
954,10,0,0.23601533,True
954,11,0,0.120970145,True
954,12,0,0.18734272,True
954,13,0,0.016465573,False
954,14,0,0.07253458,False
258,0,1,0.59267193,True
258,1,0,0.005023211,False
258,2,0,0.21851274,True
258,3,0,0.00035073038,False
258,4,0,0.011745978,False
258,5,0,0.011807845,False
258,6,0,0.0039170706,False
258,7,0,0.001127151,False
258,8,0,0.0039053115,False
258,9,0,0.008831074,False
258,10,0,0.017897755,False
258,11,0,0.2539405,True
258,12,0,0.007675591,False
258,13,0,0.19557062,True
258,14,0,0.0032095066,False
274,0,0,0.0018906723,False
274,1,0,0.4594421,True
274,2,0,0.015657578,False
274,3,1,0.41402918,True
274,4,0,0.001163249,False
274,5,0,0.2656691,True
274,6,0,0.00022957192,False
274,7,0,0.00651022,False
274,8,0,0.0047459677,False
274,9,0,0.028610582,False
274,10,0,0.019888602,False
274,11,0,0.019770622,False
274,12,0,0.0021786522,False
972,0,0,0.00014974314,False
972,1,1,0.5061944,True
972,2,0,0.017075751,False
972,3,0,0.013021997,False
972,4,0,0.08121086,True
972,5,0,0.11283083,True
972,6,0,0.112002976,True
972,7,0,0.01686648,False
972,8,0,0.0127679305,False
972,9,0,0.002647418,False
972,10,0,3.1525175e-05,False
972,11,0,0.04039416,False
972,12,0,0.027666708,False
972,13,0,0.000267667,False
972,14,0,1.16162455e-05,False
972,15,0,0.005942844,False
972,16,0,0.0001285133,False
640,0,1,0.620002,True
640,1,0,0.09649234,True
640,2,0,0.045549143,False
640,3,0,0.04799867,False
640,4,0,0.074243344,False
640,5,0,0.0015860603,False
640,6,0,0.0035915629,False
640,7,0,0.30850032,True
640,8,0,0.08756664,True
640,9,0,0.0006126635,False
640,10,0,0.031467974,False
640,11,0,0.08432293,True
640,12,0,0.05696769,False
640,13,0,0.031489346,False
640,14,0,0.06957033,False
1109,0,0,0.0106179165,False
1109,1,0,0.019561231,False
1109,2,0,0.005295732,False
1109,3,0,0.00047130065,False
1109,4,0,0.0024335599,False
1109,5,0,0.020882895,False
1109,6,0,0.000735167,False
1109,7,0,0.0013060258,False
1109,8,0,0.010673205,False
1109,9,0,0.0012907984,False
1109,10,0,0.010515512,False
1109,11,0,0.03551086,False
1109,12,0,0.014144779,False
1109,13,0,0.0023504852,False
1109,14,0,2.0564054e-05,False
1109,15,0,0.0077386796,False
1109,16,1,0.9068643,True
1109,17,0,0.00092707225,False
1109,18,0,0.8802658,True
1109,19,0,0.008818329,False
788,0,0,6.2425235e-05,False
788,1,0,0.0031283516,False
788,2,0,0.005495247,False
788,3,0,0.007795149,False
788,4,0,1.1570782e-05,False
788,5,0,0.0005076349,False
788,6,1,0.3501149,True
788,7,0,0.010461299,False
788,8,0,0.15307598,True
788,9,0,0.29635304,True
788,10,0,0.03359856,False
788,11,0,0.2294219,True
788,12,0,0.11432868,True
788,13,0,0.07074299,False
788,14,0,0.017675286,False
788,15,0,0.00433041,False
788,16,0,0.03745326,False
788,17,0,0.031306848,False
788,18,0,0.00080524187,False
1131,0,0,0.00039478202,False
1131,1,1,0.23146267,True
1131,2,0,0.15023518,True
1131,3,0,0.19476567,True
1131,4,0,0.05859275,False
1131,5,0,0.035366766,False
1131,6,0,0.041642223,False
1131,7,0,0.04413561,False
1131,8,0,0.046251435,False
1131,9,0,0.052174393,False
1131,10,0,0.45584586,True
1131,11,0,0.1269376,True
1131,12,0,0.216303,True
1131,13,0,0.16526166,True
657,0,0,0.17685212,True
657,1,0,0.0065076663,False
657,2,0,0.0167903,False
657,3,0,0.0023818903,False
657,4,0,0.082576126,True
657,5,0,0.046471443,False
657,6,0,0.004856473,False
657,7,0,0.01075801,False
657,8,1,0.12909591,True
657,9,0,0.05635609,False
657,10,0,0.03758214,False
657,11,1,0.099764936,True
657,12,0,0.30771294,True
657,13,0,0.00037183787,False
657,14,0,0.064944774,False
657,15,0,0.016563326,False
657,16,0,0.0036073648,False
1015,0,0,0.12807848,True
1015,1,0,0.014413625,False
1015,2,0,0.02317507,False
1015,3,0,0.043059755,False
1015,4,0,0.026176868,False
1015,5,0,0.0092434,False
1015,6,0,0.026616966,False
1015,7,0,0.02362034,False
1015,8,0,0.2562406,True
1015,9,0,0.003919486,False
1015,10,1,0.33023107,True
1015,11,0,0.011015981,False
1015,12,0,0.056005646,False
1015,13,0,0.051374502,False
1015,14,0,0.08747608,True
1015,15,0,0.10669568,True
1015,16,0,0.0012436132,False
1015,17,0,0.0006455105,False
217,0,0,5.157947e-06,False
217,1,1,0.85270894,True
217,2,0,0.006437322,False
217,3,0,0.008420993,False
217,4,1,0.0077276183,False
217,5,0,0.45345747,True
217,6,0,0.0061277566,False
217,7,0,0.0006887814,False
217,8,0,0.032800235,False
217,9,0,4.979838e-05,False
217,10,0,0.00027878504,False
217,11,0,0.0032977625,False
217,12,0,0.0009184876,False
217,13,0,0.0005796946,False
217,14,0,5.9498398e-05,False
217,15,0,0.00031026243,False
217,16,0,0.0025278905,False
217,17,0,0.0006749816,False
217,18,0,0.00021040904,False
217,19,0,0.0058486876,False
217,20,0,0.011294802,False
217,21,0,0.008554961,False
217,22,0,0.0060646087,False
1016,0,0,0.007236339,False
1016,1,1,0.5539153,True
1016,2,0,0.11363337,True
1016,3,1,0.49693307,True
1016,4,0,0.46126127,True
1016,5,0,0.21741517,True
1016,6,0,0.026893118,False
1016,7,0,0.0012150267,False
1016,8,0,0.039743364,False
1016,9,0,0.008814758,False
1016,10,0,6.1743915e-05,False
1016,11,0,6.595074e-05,False
1016,12,0,0.00087142264,False
1016,13,0,0.00017420531,False
1016,14,0,0.0007907324,False
1016,15,0,0.0009049325,False
1016,16,0,0.00010511356,False
1016,17,0,0.0005601141,False
1016,18,0,0.002411278,False
1016,19,0,0.00014020017,False
1016,20,0,0.0298756,False
1016,21,0,0.0013321927,False
1016,22,0,5.9766404e-05,False
1016,23,0,0.00013601973,False
1016,24,0,0.0030203345,False
1016,25,0,9.6309195e-05,False
1016,26,0,0.0042076367,False
1016,27,0,0.0023149103,False
1016,28,0,9.9894016e-05,False
1016,29,0,0.00021157626,False
1016,30,0,0.00052568805,False
1016,31,0,9.790083e-05,False
1016,32,0,0.0003776401,False
1016,33,0,0.0006702253,False
687,0,0,0.00035129656,False
687,1,0,0.063953586,False
687,2,0,0.09545339,True
687,3,1,0.23368707,True
687,4,0,0.000736291,False
687,5,0,0.07940557,True
687,6,0,0.027257303,False
687,7,0,0.02954374,False
687,8,0,0.2332596,True
687,9,0,0.026642142,False
687,10,0,0.0024549144,False
687,11,0,0.004972533,False
687,12,0,0.062737964,False
687,13,0,0.10965474,True
687,14,0,0.044365212,False
687,15,0,0.0047195763,False
1072,0,1,0.14430282,True
1072,1,0,0.02620825,False
1072,2,0,0.052492663,False
1072,3,0,0.05103161,False
1072,4,0,0.10005794,True
1072,5,0,0.07899459,True
1072,6,0,0.11428016,True
1072,7,0,0.100058526,True
1072,8,1,0.11803086,True
1072,9,0,0.064966224,False
1072,10,0,0.115377314,True
1072,11,0,0.12288646,True
1072,12,0,0.039747257,False
109,0,0,0.18632874,True
109,1,0,0.008520261,False
109,2,0,0.025408965,False
109,3,0,0.06771724,False
109,4,0,0.020356616,False
109,5,0,0.016634382,False
109,6,0,0.23845163,True
109,7,0,0.026286783,False
109,8,0,0.023126895,False
109,9,1,0.048465177,False
109,10,1,0.0026715267,False
109,11,0,0.036732946,False
109,12,0,0.02218592,False
109,13,0,0.16759011,True
42,0,0,0.25762406,True
42,1,0,0.010141875,False
42,2,0,0.008909792,False
42,3,0,0.012885247,False
42,4,0,0.0061788047,False
42,5,0,0.09691182,True
42,6,1,0.9886413,True
42,7,0,0.00026327296,False
42,8,0,0.009564747,False
42,9,0,0.009215585,False
42,10,0,0.21989071,True
42,11,0,0.015473168,False
42,12,0,0.00022309579,False
42,13,0,2.8525421e-05,False
955,0,0,0.018813293,False
955,1,0,0.0044914815,False
955,2,0,0.12197302,True
955,3,0,0.2161495,True
955,4,0,0.017239733,False
955,5,0,0.0004773276,False
955,6,0,0.038093843,False
955,7,0,0.10714835,True
955,8,0,0.005579034,False
955,9,0,0.016647967,False
955,10,1,0.5775677,True
955,11,0,0.011868931,False
955,12,0,0.09322699,True
955,13,0,0.049984522,False
955,14,0,0.08217652,True
955,15,0,0.00019079408,False
589,0,0,0.0055649728,False
589,1,0,0.28953078,True
589,2,0,0.005499465,False
589,3,0,0.005051313,False
589,4,0,0.05878385,False
589,5,0,0.013393598,False
589,6,1,0.44727945,True
589,7,0,0.012497201,False
589,8,0,0.00027542902,False
589,9,0,0.00013776337,False
589,10,0,0.0033119959,False
589,11,0,0.10336355,True
589,12,0,0.0012661079,False
589,13,0,0.0004444986,False
589,14,0,0.0004484216,False
589,15,0,6.568156e-05,False
589,16,0,0.00653562,False
589,17,0,3.4455832e-05,False
589,18,0,0.15751308,True
589,19,0,0.00010113245,False
589,20,0,0.07205138,False
283,0,0,0.0046086814,False
283,1,1,0.46754766,True
283,2,0,0.0023823006,False
283,3,0,0.17474008,True
283,4,0,0.00031828557,False
283,5,0,0.001313727,False
283,6,0,0.017630417,False
283,7,0,0.037658144,False
283,8,0,0.0014624185,False
283,9,0,0.0035831803,False
283,10,0,0.001922018,False
283,11,0,0.022328444,False
283,12,0,0.017871708,False
283,13,0,0.013135486,False
283,14,0,0.04638851,False
47,0,0,0.0037686026,False
47,1,0,0.16793568,True
47,2,0,0.033029113,False
47,3,0,0.0056465385,False
47,4,0,0.00038121722,False
47,5,0,0.008406755,False
47,6,1,0.32533026,True
47,7,0,0.09322318,True
47,8,0,0.0058216318,False
47,9,0,0.0038186891,False
47,10,0,0.014874853,False
47,11,0,0.0013116129,False
47,12,0,0.004715056,False
47,13,0,0.020589778,False
47,14,0,0.010838434,False
564,0,0,0.03967604,False
564,1,1,0.86398774,True
564,2,0,0.01847274,False
564,3,0,0.043236848,False
564,4,0,0.6184616,True
564,5,0,0.0011205715,False
564,6,0,0.014230469,False
564,7,0,0.016621921,False
564,8,0,0.017050296,False
564,9,0,0.0023590603,False
564,10,0,7.75963e-06,False
564,11,0,0.027167132,False
564,12,0,0.010639247,False
275,0,0,0.067617945,False
275,1,0,0.0054714642,False
275,2,0,0.00942137,False
275,3,0,0.043147087,False
275,4,0,0.014525111,False
275,5,0,0.011240787,False
275,6,0,0.09878299,True
275,7,0,0.011743847,False
275,8,0,0.031504203,False
275,9,1,0.39202145,True
275,10,0,0.00058145396,False
275,11,0,0.07573822,False
275,12,0,0.018992892,False
161,0,1,0.2808098,True
161,1,0,0.044624362,False
161,2,0,0.030072644,False
161,3,0,0.005690208,False
161,4,0,0.0025036726,False
161,5,0,0.07717228,False
161,6,1,0.54118633,True
161,7,0,0.024833858,False
161,8,0,0.0008411498,False
161,9,0,0.003962925,False
161,10,0,0.021695172,False
161,11,0,0.010555134,False
161,12,1,0.28233412,True
344,0,0,0.3755877,True
344,1,0,0.0062917382,False
344,2,0,0.063978545,False
344,3,0,0.046790157,False
344,4,0,0.050158523,False
344,5,0,0.003169135,False
344,6,0,0.00082600256,False
344,7,0,0.04632742,False
344,8,1,0.051768146,False
344,9,0,0.035860404,False
344,10,0,0.0010697824,False
344,11,0,0.00770748,False
344,12,1,0.4113994,True
1025,0,1,0.78195065,True
1025,1,0,0.03953802,False
1025,2,0,0.009113955,False
1025,3,0,0.03495341,False
1025,4,0,0.016221194,False
1025,5,0,0.10660919,True
1025,6,0,0.12559271,True
1025,7,0,0.1157841,True
1025,8,0,0.032796238,False
1025,9,0,0.045437157,False
1025,10,0,0.03953745,False
1025,11,0,0.08249526,True
1025,12,0,0.045339316,False
1025,13,0,0.005939242,False
1025,14,0,0.009375432,False
1025,15,0,0.004331,False
493,0,0,3.0198644e-05,False
493,1,0,0.35499984,True
493,2,0,0.0014470621,False
493,3,0,0.06897139,False
493,4,0,0.0009819833,False
493,5,0,0.000107791675,False
493,6,0,0.01374256,False
493,7,0,0.22949763,True
493,8,0,0.0076382905,False
493,9,0,3.0983738e-05,False
493,10,0,0.0002161309,False
493,11,1,0.23990944,True
493,12,0,0.0031521628,False
493,13,0,0.0034007407,False
493,14,0,0.08273062,True
493,15,0,0.00370611,False
493,16,0,0.0061895456,False
493,17,0,0.0039924644,False
493,18,0,0.014080497,False
493,19,0,0.004571659,False
493,20,0,0.0025339697,False
493,21,0,0.0038662788,False
122,0,0,0.014214031,False
122,1,0,0.01532975,False
122,2,0,0.0018464413,False
122,3,0,0.0005168597,False
122,4,0,0.0025961415,False
122,5,0,0.007973838,False
122,6,0,0.009523439,False
122,7,0,7.9438134e-05,False
122,8,0,0.14246958,True
122,9,0,0.009422888,False
122,10,0,0.023792159,False
122,11,0,0.32036045,True
122,12,0,0.025631003,False
122,13,1,0.10595592,True
122,14,0,2.402573e-05,False
122,15,0,0.12450141,True
122,16,1,0.020317376,False
122,17,0,0.030766718,False
122,18,0,0.009243129,False
122,19,0,0.09749616,True
122,20,0,0.0017541168,False
122,21,0,0.00011184105,False
122,22,0,0.00089857605,False
1001,0,0,3.7613412e-05,False
1001,1,0,0.031733807,False
1001,2,0,0.10478357,True
1001,3,0,0.14573261,True
1001,4,0,0.047936697,False
1001,5,0,0.11087242,True
1001,6,0,0.029651633,False
1001,7,0,0.054737978,False
1001,8,0,0.3973487,True
1001,9,0,0.026043316,False
1001,10,1,0.036090676,False
1001,11,0,0.06579276,False
1001,12,0,0.0005036672,False
1001,13,0,0.00058340945,False
1001,14,0,0.0054387436,False
1001,15,0,0.009403626,False
1001,16,0,0.04444201,False
986,0,0,0.008995077,False
986,1,0,0.18353581,True
986,2,0,0.0037211815,False
986,3,0,0.002601371,False
986,4,0,0.008425844,False
986,5,0,0.01921884,False
986,6,0,0.0361937,False
986,7,0,0.011204594,False
986,8,0,0.011690288,False
986,9,0,0.0011449417,False
986,10,0,0.0009013746,False
986,11,0,0.0019935,False
986,12,0,0.008339737,False
986,13,1,0.9220296,True
986,14,0,0.0016090776,False
986,15,0,0.002298163,False
986,16,0,0.0015344366,False
512,0,0,0.0035541349,False
512,1,0,0.01856673,False
512,2,0,0.1297595,True
512,3,0,0.028443322,False
512,4,0,0.0066968207,False
512,5,0,0.06388982,False
512,6,0,0.039232887,False
512,7,0,0.063812606,False
512,8,0,0.054185763,False
512,9,0,0.04257719,False
512,10,0,0.5167769,True
512,11,0,0.036200892,False
512,12,1,0.38897163,True
512,13,0,0.046410855,False
412,0,0,0.23913029,True
412,1,0,0.29784015,True
412,2,0,0.31176668,True
412,3,0,0.1256631,True
412,4,1,0.061283935,False
412,5,0,0.05741585,False
412,6,0,0.09310523,True
412,7,0,0.07177754,False
412,8,0,0.07177754,False
412,9,0,0.24181621,True
412,10,0,0.0014895437,False
643,0,0,0.0004488856,False
643,1,0,0.08383179,True
643,2,0,0.04056869,False
643,3,1,0.2124106,True
643,4,0,0.12020626,True
643,5,0,0.14867337,True
643,6,0,0.00011183977,False
643,7,0,0.08855918,True
643,8,0,0.14824522,True
643,9,0,0.0200858,False
643,10,0,0.022291563,False
643,11,0,0.022285225,False
643,12,0,0.033126686,False
643,13,0,0.03487169,False
643,14,0,0.020050349,False
626,0,0,0.049646858,False
626,1,0,0.20581609,True
626,2,0,0.012827263,False
626,3,0,0.009781114,False
626,4,0,0.0061468133,False
626,5,0,4.645867e-05,False
626,6,0,0.008194941,False
626,7,0,0.015607938,False
626,8,1,0.440067,True
626,9,0,0.0006465147,False
626,10,0,0.011971027,False
626,11,0,0.018079655,False
626,12,0,0.029585676,False
626,13,0,0.043098934,False
626,14,0,0.016237462,False
626,15,0,0.022160444,False
979,0,0,0.0012464831,False
979,1,0,0.021195814,False
979,2,0,0.017102728,False
979,3,0,0.00083542254,False
979,4,0,0.006583566,False
979,5,0,8.8116525e-05,False
979,6,0,0.016563559,False
979,7,0,0.015248228,False
979,8,0,0.59620166,True
979,9,1,0.8231372,True
979,10,1,0.4361845,True
979,11,0,0.026642062,False
979,12,0,0.018403819,False
979,13,0,0.026760526,False
979,14,0,0.00031878785,False
979,15,0,0.0019834852,False
979,16,0,0.00023022712,False
979,17,0,0.00027895282,False
28,0,0,0.16913225,True
28,1,0,0.15848933,True
28,2,0,0.010971933,False
28,3,0,0.013930065,False
28,4,0,0.053779516,False
28,5,0,0.029083135,False
28,6,0,0.0024334292,False
28,7,0,0.0015948078,False
28,8,1,0.17317514,True
28,9,0,0.08249116,True
28,10,0,0.111433834,True
28,11,0,0.00029472576,False
28,12,0,0.02940617,False
981,0,0,0.14117526,True
981,1,0,0.43788508,True
981,2,0,0.060627367,False
981,3,1,0.0444017,False
981,4,0,0.0039034013,False
981,5,0,0.036466163,False
981,6,0,0.015362449,False
981,7,0,0.022845954,False
981,8,0,0.044695526,False
981,9,0,0.06861534,False
981,10,0,0.09948472,True
981,11,0,0.0030059447,False
981,12,0,0.00024994332,False
981,13,0,0.128136,True
981,14,0,0.07478857,False
981,15,0,0.01770213,False
745,0,0,0.005764221,False
745,1,0,0.30761167,True
745,2,0,0.0047643483,False
745,3,0,0.02244736,False
745,4,0,0.008763284,False
745,5,0,0.0032470373,False
745,6,0,0.002546133,False
745,7,0,0.008122131,False
745,8,0,0.11459308,True
745,9,0,0.005046453,False
745,10,1,0.18857615,True
745,11,0,0.006220573,False
745,12,0,0.040267378,False
745,13,0,0.01749506,False
745,14,0,0.094830155,True
745,15,0,0.0002772826,False
745,16,0,0.02443538,False
745,17,0,0.0024049466,False
543,0,0,0.47171587,True
543,1,0,0.04316401,False
543,2,0,0.050527964,False
543,3,0,0.063738726,False
543,4,0,0.08943697,True
543,5,0,0.04619895,False
543,6,0,0.029953457,False
543,7,0,0.00017121821,False
543,8,0,0.069277175,False
543,9,0,0.11807912,True
543,10,0,0.06844202,False
543,11,0,0.07997933,True
543,12,1,0.27683583,True
305,0,0,0.13224696,True
305,1,0,0.02842606,False
305,2,0,0.26778147,True
305,3,0,0.029736174,False
305,4,0,0.005640649,False
305,5,0,0.027169585,False
305,6,0,0.06609655,False
305,7,0,0.052191,False
305,8,1,0.51031065,True
305,9,0,0.036328707,False
305,10,0,0.02445775,False
399,0,0,0.0065937275,False
399,1,0,0.0066774907,False
399,2,0,0.0005234031,False
399,3,0,0.0010968962,False
399,4,0,0.0012368296,False
399,5,0,0.0006535785,False
399,6,0,0.00083829724,False
399,7,0,0.0017110972,False
399,8,0,0.0014000116,False
399,9,0,0.00011794732,False
399,10,0,0.07551224,False
399,11,0,0.0037436201,False
399,12,0,0.00056538236,False
399,13,0,0.011794615,False
399,14,0,0.00030506085,False
399,15,0,0.46078676,True
399,16,0,1.4459398e-06,False
399,17,0,0.0026628762,False
399,18,0,0.0008174833,False
399,19,1,0.49100682,True
399,20,0,3.837268e-06,False
399,21,0,0.00067285856,False
399,22,0,0.0005066306,False
399,23,0,0.50135005,True
399,24,0,1.5907526e-05,False
399,25,0,0.0012597236,False
399,26,0,0.0003306031,False
399,27,0,0.0034404835,False
399,28,0,0.001573002,False
399,29,0,0.0013199646,False
399,30,0,0.0013794164,False
326,0,0,0.1678513,True
326,1,1,0.1524943,True
326,2,1,0.08639168,True
326,3,0,0.037410192,False
326,4,0,0.07357667,False
326,5,0,0.0766799,False
326,6,0,0.11965085,True
326,7,0,0.056927472,False
326,8,0,0.2597328,True
326,9,0,0.094948046,True
326,10,0,0.30911586,True
326,11,0,0.14502852,True
326,12,0,0.111474976,True
864,0,0,0.000872459,False
864,1,0,0.3087656,True
864,2,0,0.51942366,True
864,3,0,0.010336456,False
864,4,0,0.029484533,False
864,5,0,0.12988356,True
864,6,0,2.369457e-05,False
864,7,1,0.07308394,False
864,8,1,0.057143323,False
864,9,0,5.359815e-05,False
864,10,0,0.080213934,True
864,11,0,0.009262458,False
864,12,0,0.052861787,False
864,13,0,0.08047137,True
864,14,0,3.9349263e-05,False
864,15,0,0.14877875,True
864,16,0,0.06096487,False
864,17,0,1.3404894e-05,False
864,18,0,0.028341757,False
157,0,0,0.15186001,True
157,1,0,0.10908244,True
157,2,0,0.035831705,False
157,3,0,0.011783889,False
157,4,0,0.009245824,False
157,5,0,0.030767992,False
157,6,1,0.27648744,True
157,7,0,0.05358483,False
157,8,1,0.45919323,True
157,9,0,0.013928662,False
157,10,0,0.106201336,True
157,11,0,0.525401,True
157,12,0,0.01575845,False
549,0,0,0.00012345836,False
549,1,0,0.04950108,False
549,2,0,0.026614934,False
549,3,1,0.46204358,True
549,4,0,0.0075597595,False
549,5,0,0.40434524,True
549,6,0,0.014379173,False
549,7,0,0.0014171732,False
549,8,0,0.0017108397,False
549,9,0,0.023922544,False
549,10,0,0.022228308,False
549,11,0,0.0023034676,False
549,12,0,0.0014752811,False
549,13,0,0.03006985,False
549,14,0,0.00023766699,False
549,15,0,0.032491427,False
261,0,0,0.17863964,True
261,1,1,0.17135942,True
261,2,0,0.15861173,True
261,3,1,0.123415634,True
261,4,0,0.014518888,False
261,5,0,0.08741345,True
261,6,0,0.08620214,True
261,7,0,0.07019852,False
261,8,0,0.08879801,True
261,9,0,0.058553398,False
683,0,0,0.21579081,True
683,1,0,0.007426203,False
683,2,0,0.01457631,False
683,3,0,0.022147054,False
683,4,0,0.013650331,False
683,5,0,0.007933459,False
683,6,1,0.34355238,True
683,7,0,0.00060367835,False
683,8,0,0.04054904,False
683,9,0,0.020452866,False
683,10,0,0.06172995,False
683,11,0,0.00016950253,False
683,12,0,0.04724832,False
683,13,0,0.010678494,False
683,14,0,0.030842852,False
855,0,0,0.16515824,True
855,1,0,0.18240592,True
855,2,0,0.047673788,False
855,3,0,0.022769699,False
855,4,0,0.0417204,False
855,5,0,0.03309887,False
855,6,0,0.02924822,False
855,7,0,0.023546573,False
855,8,0,3.9730665e-05,False
855,9,0,0.04695715,False
855,10,0,0.03348536,False
855,11,0,0.00013352565,False
855,12,0,0.012375359,False
855,13,1,0.4287816,True
855,14,0,0.03584846,False
855,15,0,4.0971165e-05,False
105,0,0,0.050607644,False
105,1,0,0.04534621,False
105,2,0,0.009159844,False
105,3,0,0.0056063375,False
105,4,0,0.023095034,False
105,5,1,0.8994962,True
105,6,0,0.019289749,False
105,7,0,0.00037429304,False
105,8,0,0.04023169,False
105,9,0,0.00010127884,False
105,10,0,0.015532328,False
105,11,0,0.005309268,False
105,12,0,1.4663022e-05,False
105,13,0,0.019645238,False
105,14,0,0.019040547,False
105,15,0,8.640517e-05,False
316,0,0,0.047706217,False
316,1,1,0.74515533,True
316,2,0,0.29193556,True
316,3,0,0.065561704,False
316,4,0,0.27198452,True
316,5,0,0.012756545,False
316,6,0,0.015699156,False
316,7,0,0.062099867,False
316,8,0,0.093345225,True
316,9,0,0.059694204,False
316,10,0,0.030328216,False
1209,0,0,0.16059129,True
1209,1,0,0.20771483,True
1209,2,0,0.038848344,False
1209,3,0,0.0106422445,False
1209,4,0,0.0100182,False
1209,5,0,0.018116174,False
1209,6,0,0.018245446,False
1209,7,0,0.026377985,False
1209,8,0,0.02508991,False
1209,9,0,0.018920595,False
1209,10,0,0.32203704,True
1209,11,0,0.05352256,False
1209,12,0,0.033281747,False
1209,13,1,0.6712882,True
1209,14,0,0.00050908374,False
793,0,0,0.02518274,False
793,1,0,0.0065339855,False
793,2,0,0.021786638,False
793,3,0,0.0025609487,False
793,4,0,0.014235976,False
793,5,0,0.8492454,True
793,6,0,6.572856e-05,False
793,7,0,0.0035300863,False
793,8,1,0.60107034,True
793,9,0,0.00012456176,False
793,10,0,0.00026729747,False
793,11,0,1.4438133e-05,False
793,12,0,2.1688377e-06,False
793,13,0,0.010029159,False
793,14,0,3.8096605e-05,False
793,15,0,0.0019081733,False
793,16,0,0.00014132683,False
793,17,0,1.1594188e-05,False
994,0,0,0.39521846,True
994,1,0,0.018116092,False
994,2,0,0.023522012,False
994,3,0,0.027633723,False
994,4,0,0.08282463,True
994,5,0,0.057877056,False
994,6,0,0.057146475,False
994,7,0,0.011638899,False
994,8,0,0.05876194,False
994,9,0,0.028828068,False
994,10,0,0.015444392,False
994,11,0,0.030713778,False
994,12,1,0.59945035,True
994,13,0,0.2684561,True
994,14,1,0.63938105,True
711,0,0,0.0003699206,False
711,1,1,0.2398876,True
711,2,0,0.08853294,True
711,3,0,0.10654226,True
711,4,0,0.012594932,False
711,5,0,0.022292884,False
711,6,0,0.013558304,False
711,7,0,0.042416874,False
711,8,0,0.0395971,False
711,9,0,0.01589567,False
711,10,0,0.017153027,False
711,11,0,0.31056625,True
711,12,0,0.06309469,False
711,13,0,0.09416808,True
635,0,0,0.055715106,False
635,1,0,0.009377354,False
635,2,0,0.002888346,False
635,3,0,0.008720497,False
635,4,0,0.003689644,False
635,5,0,0.4236871,True
635,6,1,0.44215864,True
635,7,0,0.003188587,False
635,8,0,0.03903451,False
635,9,0,0.1249568,True
635,10,0,0.054718576,False
635,11,0,0.023286734,False
635,12,0,0.012269768,False
635,13,0,0.38372755,True
635,14,0,0.013928066,False
635,15,0,0.04229307,False
635,16,0,0.0018698091,False
46,0,0,0.06246206,False
46,1,0,0.0071668383,False
46,2,1,0.0058942754,False
46,3,0,0.0010274521,False
46,4,0,0.00017547765,False
46,5,0,0.04323176,False
46,6,0,0.0310474,False
46,7,0,0.013882952,False
46,8,0,0.3300307,True
46,9,0,0.0013959762,False
46,10,0,0.057241123,False
46,11,0,0.0794557,True
46,12,0,0.0643524,False
46,13,0,0.2880786,True
46,14,0,0.0006598715,False
46,15,0,0.08985756,True
747,0,0,0.20932339,True
747,1,0,0.18273376,True
747,2,0,0.004067197,False
747,3,0,0.003471289,False
747,4,0,0.00027293127,False
747,5,1,0.44474295,True
747,6,0,0.024381282,False
747,7,0,0.024506263,False
747,8,0,0.04430763,False
747,9,0,0.24520072,True
747,10,0,0.27999136,True
747,11,0,0.042742144,False
747,12,0,0.083027355,True
747,13,0,0.0012951844,False
747,14,0,1.6763719e-05,False
747,15,0,0.0057556084,False
747,16,0,0.002428345,False
747,17,0,5.4210057e-05,False
1200,0,0,1.2315179e-05,False
1200,1,1,0.7145926,True
1200,2,0,0.008019713,False
1200,3,0,0.006687404,False
1200,4,0,0.013573701,False
1200,5,0,0.14978804,True
1200,6,0,0.005427468,False
1200,7,0,0.004851456,False
1200,8,0,0.04314689,False
1200,9,0,0.00017112827,False
1200,10,0,0.0022143216,False
1200,11,0,0.0010177176,False
1200,12,0,0.002466381,False
1200,13,0,0.0017913543,False
1200,14,0,0.0031359135,False
1200,15,0,0.004470839,False
1200,16,0,0.0017581099,False
1200,17,0,0.0016285614,False
1200,18,0,0.0027814314,False
1200,19,0,0.0019113017,False
1200,20,0,0.00598487,False
1200,21,0,0.012080111,False
1200,22,0,0.05510495,False
1200,23,0,0.018098053,False
1200,24,0,0.018123873,False
485,0,0,0.063171916,False
485,1,0,0.07051008,False
485,2,0,0.079738155,True
485,3,0,0.05771155,False
485,4,0,0.13514945,True
485,5,0,0.057104457,False
485,6,0,0.05298425,False
485,7,0,0.04484971,False
485,8,0,0.051710755,False
485,9,1,0.7948804,True
485,10,0,0.0050638956,False
1158,0,0,0.27465576,True
1158,1,0,0.005032602,False
1158,2,0,0.05321107,False
1158,3,0,3.0556817e-05,False
1158,4,0,0.0064380504,False
1158,5,0,0.008530474,False
1158,6,0,0.0063578477,False
1158,7,0,0.016567046,False
1158,8,0,0.030329859,False
1158,9,0,0.7890637,True
1158,10,1,0.94631356,True
1158,11,1,0.7502265,True
1158,12,0,0.019306127,False
1158,13,0,0.020453922,False
1158,14,0,0.030972604,False
1158,15,0,3.486443e-05,False
1155,0,0,0.016488556,False
1155,1,0,0.72588164,True
1155,2,1,0.111722596,True
1155,3,0,0.07306937,False
1155,4,0,0.003963601,False
1155,5,0,0.0123872785,False
1155,6,0,0.02870168,False
1155,7,0,0.053745747,False
1155,8,0,0.0785728,False
1155,9,0,0.06832416,False
1155,10,0,0.07215589,False
1155,11,0,0.05233142,False
1155,12,0,0.01327889,False
1155,13,0,0.00465072,False
847,0,1,0.15986817,True
847,1,0,0.12008539,True
847,2,0,0.0015180325,False
847,3,0,0.0040946486,False
847,4,1,0.44079405,True
847,5,0,0.011918878,False
847,6,0,0.03672036,False
847,7,0,0.10731095,True
847,8,0,0.08583839,True
847,9,0,0.19553958,True
847,10,0,0.055766053,False
847,11,0,0.012013467,False
847,12,0,0.091712706,True
1217,0,0,0.00715097,False
1217,1,0,0.015253763,False
1217,2,0,0.027275624,False
1217,3,0,0.06485433,False
1217,4,0,0.0020898627,False
1217,5,1,0.75920516,True
1217,6,0,0.00071702385,False
1217,7,0,0.001674829,False
1217,8,0,0.01600199,False
1217,9,0,0.012923229,False
1217,10,1,0.0070264414,False
1217,11,0,0.030910488,False
1217,12,0,0.009681941,False
1217,13,0,0.018156026,False
1217,14,0,0.040222082,False
1217,15,0,0.05368806,False
1217,16,0,0.037806954,False
1217,17,0,0.027390178,False
1217,18,0,0.01930078,False
852,0,0,0.494098,True
852,1,1,0.04517719,False
852,2,0,0.103495635,True
852,3,0,0.07704816,False
852,4,0,0.0014353907,False
852,5,0,0.0030816055,False
852,6,1,0.5591575,True
852,7,0,0.01863681,False
852,8,0,0.04950716,False
852,9,0,0.04072854,False
852,10,0,0.053826265,False
852,11,0,0.035685983,False
852,12,0,0.035963695,False
852,13,0,0.0018029467,False
430,0,1,0.035921525,False
430,1,0,0.0003051589,False
430,2,0,0.00034228264,False
430,3,0,0.0023201373,False
430,4,0,0.0011573001,False
430,5,0,0.00038019486,False
430,6,0,0.011853243,False
430,7,0,0.0010566058,False
430,8,0,0.43551755,True
430,9,0,2.6342248e-06,False
430,10,0,0.0022233708,False
430,11,0,0.00011198523,False
430,12,0,0.4544101,True
430,13,0,3.0144606e-06,False
430,14,0,0.015775882,False
430,15,0,0.0004145162,False
430,16,0,0.39805594,True
430,17,0,8.681225e-07,False
430,18,0,0.00017977053,False
430,19,0,0.00067974214,False
430,20,0,7.1963885e-05,False
430,21,0,0.05962298,False
430,22,0,3.8285187e-05,False
430,23,0,0.00015003541,False
430,24,0,0.006598308,False
430,25,0,0.023188429,False
430,26,0,2.356884e-05,False
430,27,0,0.0056405417,False
430,28,0,0.002080241,False
430,29,0,3.6346057e-06,False
568,0,0,0.022602675,False
568,1,1,0.45909482,True
568,2,0,0.016464738,False
568,3,0,0.0055201217,False
568,4,0,0.024269506,False
568,5,0,0.090383045,True
568,6,0,0.03788431,False
568,7,0,0.029591551,False
568,8,0,0.014556214,False
568,9,0,0.037362747,False
568,10,0,0.05255887,False
568,11,0,0.02501867,False
568,12,0,0.05769729,False
568,13,0,0.025616044,False
516,0,0,0.00010482628,False
516,1,1,0.22061709,True
516,2,0,0.21493705,True
516,3,0,0.17567253,True
516,4,0,0.12677103,True
516,5,0,8.3196166e-05,False
516,6,1,0.1554529,True
516,7,0,0.015743263,False
516,8,0,0.022316955,False
516,9,0,0.004138291,False
516,10,0,0.00084474415,False
516,11,1,0.09799398,True
516,12,0,0.0032777023,False
516,13,0,0.00060252583,False
516,14,0,0.024067996,False
365,0,1,0.5880208,True
365,1,0,0.038848728,False
365,2,0,0.030230803,False
365,3,0,0.069668494,False
365,4,0,0.09557908,True
365,5,0,0.010659212,False
365,6,0,0.0032484625,False
365,7,0,0.032907832,False
365,8,0,0.25039932,True
365,9,0,0.0024957624,False
365,10,0,0.115516186,True
365,11,0,0.009056064,False
7,0,0,0.01566201,False
7,1,0,0.07727315,False
7,2,0,3.120352e-05,False
7,3,0,0.004014089,False
7,4,0,0.5109359,True
7,5,0,0.0062569175,False
7,6,0,6.7452136e-05,False
7,7,1,0.851196,True
7,8,0,0.026666902,False
7,9,0,0.0016870012,False
7,10,0,0.0038708413,False
7,11,0,0.026071308,False
7,12,0,0.027847325,False
7,13,0,0.03283669,False
7,14,0,0.0043379352,False
514,0,0,0.00028955343,False
514,1,0,0.076507784,False
514,2,0,0.060180563,False
514,3,1,0.009138784,False
514,4,0,0.059523832,False
514,5,0,0.05216092,False
514,6,0,0.03593959,False
514,7,0,0.05167803,False
514,8,0,0.4053978,True
514,9,0,0.054024983,False
514,10,0,0.09270976,True
514,11,0,0.1396939,True
514,12,0,0.08771725,True
514,13,0,0.00680534,False
514,14,0,0.0004961946,False
754,0,0,0.027746193,False
754,1,0,0.00658803,False
754,2,0,0.0015901733,False
754,3,0,0.0007474803,False
754,4,0,0.0034491313,False
754,5,0,0.0018551323,False
754,6,0,0.001226233,False
754,7,0,0.000373843,False
754,8,0,0.0077847377,False
754,9,0,0.0021892616,False
754,10,0,0.0041510346,False
754,11,0,0.0050680465,False
754,12,0,0.25254261,True
754,13,0,0.041486003,False
754,14,1,0.8333248,True
754,15,0,3.6732852e-06,False
754,16,0,0.011017768,False
754,17,0,0.001146314,False
754,18,0,0.0008456985,False
754,19,0,0.0013932574,False
754,20,0,7.782664e-05,False
754,21,0,0.002738615,False
1187,0,0,0.416085,True
1187,1,0,0.009075804,False
1187,2,0,0.023437629,False
1187,3,0,0.040338304,False
1187,4,0,0.034178942,False
1187,5,0,0.010531441,False
1187,6,0,0.013464595,False
1187,7,0,0.015642026,False
1187,8,0,0.0015145051,False
1187,9,0,0.023970954,False
1187,10,1,0.11613802,True
1187,11,0,0.019752942,False
1187,12,0,0.05365238,False
1187,13,0,0.0002830901,False
1187,14,0,0.033689734,False
1187,15,0,0.012089834,False
1187,16,0,0.03656625,False
1146,0,0,0.0650147,False
1146,1,0,0.015377199,False
1146,2,0,0.0062362337,False
1146,3,0,0.021881389,False
1146,4,0,0.043927792,False
1146,5,0,0.04022689,False
1146,6,0,0.11240362,True
1146,7,0,0.065015174,False
1146,8,0,0.013280484,False
1146,9,0,0.005209472,False
1146,10,0,0.0032282686,False
1146,11,0,0.21351221,True
1146,12,0,0.00016984291,False
1146,13,0,0.007001378,False
1146,14,1,0.4003523,True
1146,15,1,0.11920792,True
1146,16,0,0.10530732,True
670,0,0,0.0054313024,False
670,1,0,0.21523291,True
670,2,0,0.00013150218,False
670,3,0,0.06325736,False
670,4,0,0.38701922,True
670,5,0,0.2041184,True
670,6,0,0.14884154,True
670,7,0,0.00019556447,False
670,8,0,0.111350246,True
670,9,0,0.00036229944,False
670,10,0,0.049960673,False
670,11,1,0.007646895,False
670,12,0,0.019811647,False
670,13,0,0.053216677,False
670,14,0,0.050931737,False
670,15,0,0.03249573,False
670,16,0,0.036106292,False
695,0,0,0.033879828,False
695,1,0,0.15392087,True
695,2,0,0.01926254,False
695,3,1,0.34088132,True
695,4,0,0.0005464207,False
695,5,0,0.021603607,False
695,6,0,0.009944612,False
695,7,0,0.01602026,False
695,8,0,0.013244055,False
695,9,0,0.004710451,False
695,10,0,0.054371044,False
695,11,0,0.0064725783,False
695,12,0,0.004448276,False
695,13,0,0.00091634126,False
695,14,0,0.001756834,False
695,15,0,0.0028524636,False
695,16,0,0.0058998936,False
532,0,1,0.58112854,True
532,1,0,0.071103506,False
532,2,0,0.07203875,False
532,3,0,0.078877,True
532,4,0,0.11480102,True
532,5,0,0.11079357,True
532,6,0,0.054921784,False
532,7,0,0.00095410645,False
532,8,0,3.4301513e-05,False
532,9,0,0.08294172,True
532,10,0,0.07852238,False
532,11,0,0.0587964,False
1167,0,0,0.0069755185,False
1167,1,0,0.70089024,True
1167,2,0,5.5591416e-05,False
1167,3,0,0.0059285704,False
1167,4,0,0.0045240815,False
1167,5,0,0.0136797065,False
1167,6,0,0.010116841,False
1167,7,0,0.004482612,False
1167,8,0,0.0024279184,False
1167,9,0,0.078548506,False
1167,10,0,0.06595121,False
1167,11,0,0.00022514313,False
1167,12,0,0.033220902,False
1167,13,0,0.007961893,False
1167,14,1,0.08344334,True
1167,15,0,0.09108461,True
1167,16,0,0.0008497402,False
1167,17,0,0.008144318,False
887,0,0,0.008033848,False
887,1,0,0.41392717,True
887,2,0,0.009124843,False
887,3,0,0.15479046,True
887,4,0,0.075355254,False
887,5,0,0.013209819,False
887,6,0,0.31029108,True
887,7,0,0.00070394756,False
887,8,0,0.023434492,False
887,9,0,0.01179719,False
887,10,0,0.0060358136,False
887,11,0,0.004250494,False
887,12,1,0.080924556,True
887,13,0,0.0070356796,False
887,14,0,0.009788742,False
1115,0,0,0.0030847273,False
1115,1,0,0.37765306,True
1115,2,0,0.0017039647,False
1115,3,0,0.0039569424,False
1115,4,0,0.004303507,False
1115,5,0,0.13971367,True
1115,6,0,0.00014029711,False
1115,7,0,0.06862606,False
1115,8,0,0.0061208843,False
1115,9,0,0.00035519147,False
1115,10,0,0.08219257,True
1115,11,0,0.055886544,False
1115,12,1,0.032948304,False
1115,13,0,0.05622433,False
1115,14,1,0.16129315,True
1115,15,0,0.037272394,False
1115,16,0,0.0076226457,False
617,0,1,0.65373576,True
617,1,0,0.074110284,False
617,2,0,0.555471,True
617,3,0,0.016413353,False
617,4,0,0.00013037649,False
617,5,0,0.00028912805,False
617,6,0,0.003617044,False
617,7,0,0.0028501344,False
617,8,0,0.0030018387,False
617,9,0,0.0064158686,False
617,10,0,0.00017218973,False
617,11,0,0.0001399504,False
617,12,0,0.00023881273,False
617,13,0,1.9327543e-05,False
617,14,0,0.23050551,True
617,15,0,0.05642611,False
617,16,0,0.105622634,True
617,17,0,0.00012717514,False
617,18,0,0.072934404,False
617,19,0,0.06980909,False
1086,0,0,0.043905158,False
1086,1,0,0.029516462,False
1086,2,0,0.015785642,False
1086,3,0,0.02714112,False
1086,4,0,0.05692636,False
1086,5,0,0.02692096,False
1086,6,0,0.079972506,True
1086,7,0,0.064244665,False
1086,8,0,0.14694992,True
1086,9,0,0.24447699,True
1086,10,0,0.16754495,True
1086,11,1,0.21141207,True
1086,12,0,0.3080132,True
1086,13,0,0.25392824,True
1086,14,0,0.018929895,False
1086,15,0,0.07584142,False
1086,16,0,0.022420961,False
1086,17,0,0.03570576,False
1086,18,0,0.016900957,False
1036,0,0,0.41762105,True
1036,1,1,0.16801713,True
1036,2,0,0.07162386,False
1036,3,0,0.059224397,False
1036,4,0,0.05499535,False
1036,5,0,0.074100204,False
1036,6,0,0.07576408,False
1036,7,0,0.07332617,False
1036,8,1,0.08296813,True
1036,9,0,0.062451415,False
1036,10,0,0.08406913,True
1036,11,0,0.07395123,False
1036,12,0,0.08687485,True
636,0,0,0.02406927,False
636,1,0,0.0069621443,False
636,2,0,0.004263015,False
636,3,0,0.008145204,False
636,4,0,0.0077691586,False
636,5,0,0.641823,True
636,6,1,0.095942214,True
636,7,0,0.0036272681,False
636,8,0,0.016251719,False
636,9,0,0.032178674,False
636,10,0,0.0242638,False
636,11,1,0.56234133,True
636,12,0,0.031820793,False
636,13,0,0.015570463,False
636,14,0,0.0059088026,False
636,15,0,0.024504155,False
636,16,0,0.0015772952,False
548,0,0,0.5959888,True
548,1,0,0.034674473,False
548,2,0,0.031794492,False
548,3,0,0.038195606,False
548,4,0,0.04752285,False
548,5,0,0.114981815,True
548,6,0,0.02467068,False
548,7,0,0.00014868854,False
548,8,0,0.04515079,False
548,9,0,0.093044735,True
548,10,0,0.04679157,False
548,11,0,0.035951957,False
548,12,0,0.0741894,False
548,13,1,0.26980785,True
204,0,0,0.027447661,False
204,1,1,0.06442756,False
204,2,1,0.08113613,True
204,3,0,0.098431,True
204,4,1,0.24181966,True
204,5,0,0.019560704,False
204,6,0,0.044865564,False
204,7,0,0.12683745,True
204,8,0,0.10511095,True
204,9,0,0.0068996577,False
204,10,0,0.0060475166,False
184,0,0,0.38395795,True
184,1,0,0.010197632,False
184,2,0,0.009473458,False
184,3,0,0.015908847,False
184,4,0,0.011543722,False
184,5,0,0.07906323,True
184,6,1,0.30467948,True
184,7,1,0.03507194,False
184,8,0,0.013345871,False
184,9,0,0.01251146,False
184,10,0,0.41388378,True
184,11,0,0.015858142,False
184,12,0,0.0012352014,False
184,13,0,4.78905e-05,False
851,0,0,0.50076157,True
851,1,0,0.04260506,False
851,2,0,0.073679425,False
851,3,0,0.0037363928,False
851,4,0,0.0040097586,False
851,5,1,0.43589258,True
851,6,0,0.02001469,False
851,7,0,0.039917152,False
851,8,0,0.05927968,False
851,9,0,0.04233815,False
851,10,0,0.07141052,False
851,11,0,0.019368438,False
851,12,0,0.001610115,False
851,13,1,0.04312645,False
312,0,0,0.17626925,True
312,1,0,0.26461613,True
312,2,0,0.13489074,True
312,3,0,0.041391276,False
312,4,0,0.0659682,False
312,5,0,0.066616416,False
312,6,0,0.18749462,True
312,7,1,0.8672541,True
312,8,0,0.0015696029,False
312,9,0,0.050817143,False
312,10,0,0.025289083,False
443,0,0,0.043846887,False
443,1,0,0.01864302,False
443,2,0,0.023908887,False
443,3,0,0.17355382,True
443,4,0,0.09296696,True
443,5,1,0.47745678,True
443,6,0,0.0001855379,False
443,7,0,0.013038168,False
443,8,0,0.056875132,False
443,9,0,0.0073890714,False
443,10,0,0.016802361,False
443,11,0,0.062439412,False
443,12,0,0.10154722,True
443,13,0,0.05524537,False
443,14,0,0.055325855,False
763,0,1,0.5253132,True
763,1,0,0.004040009,False
763,2,0,0.016315544,False
763,3,0,0.04247516,False
763,4,0,0.08483175,True
763,5,0,0.04143073,False
763,6,0,0.012174619,False
763,7,1,0.012664574,False
763,8,0,0.14775193,True
763,9,0,0.021228166,False
763,10,1,0.020012908,False
763,11,0,0.08855198,True
763,12,0,0.0004494803,False
763,13,0,0.055084843,False
426,0,0,0.24330766,True
426,1,1,0.192852,True
426,2,1,0.16268514,True
426,3,0,0.07382401,False
426,4,0,0.027515678,False
426,5,0,0.039782953,False
426,6,0,0.033100557,False
426,7,0,0.05740576,False
426,8,0,0.12285484,True
426,9,0,0.00063691684,False
426,10,0,0.07897043,True
426,11,0,0.07861963,False
426,12,0,0.0013043955,False
426,13,0,0.038214106,False
180,0,1,0.30116612,True
180,1,0,0.026374647,False
180,2,0,0.0069850767,False
180,3,0,0.009226521,False
180,4,0,0.013869947,False
180,5,0,0.06458269,False
180,6,0,0.22335933,True
180,7,0,0.016632516,False
180,8,0,0.075449295,False
180,9,0,0.08071119,True
180,10,0,0.032306124,False
180,11,0,0.010227477,False
180,12,0,0.01732064,False
180,13,0,0.014148655,False
180,14,0,0.35722297,True
43,0,0,0.2523496,True
43,1,0,0.008955619,False
43,2,0,0.01260072,False
43,3,0,0.014722663,False
43,4,0,0.028058592,False
43,5,0,0.036810204,False
43,6,0,0.08116043,True
43,7,0,0.00016077653,False
43,8,0,0.029723011,False
43,9,0,0.013391437,False
43,10,0,0.0076822294,False
43,11,1,0.11902551,True
43,12,0,0.01658725,False
43,13,0,0.00019584362,False
43,14,0,2.041399e-05,False
796,0,0,0.1973632,True
796,1,0,0.12439378,True
796,2,0,0.0048448048,False
796,3,0,0.0038026546,False
796,4,0,0.0005195289,False
796,5,0,0.18835391,True
796,6,0,0.006701609,False
796,7,0,0.038396925,False
796,8,0,0.021148406,False
796,9,0,0.084167294,True
796,10,0,0.067912616,False
796,11,0,0.040208388,False
796,12,0,0.04130549,False
796,13,0,0.0020536762,False
796,14,0,8.9535184e-05,False
796,15,1,0.0008303801,False
796,16,1,0.007695217,False
796,17,0,0.022750407,False
691,0,0,0.00010919899,False
691,1,0,0.0029083122,False
691,2,0,0.012076087,False
691,3,0,0.004026803,False
691,4,0,3.8984646e-05,False
691,5,0,0.0012862852,False
691,6,1,0.43916497,True
691,7,0,0.010382315,False
691,8,0,0.03307753,False
691,9,0,0.16245462,True
691,10,0,0.03628647,False
691,11,0,0.19006711,True
691,12,0,0.12316543,True
691,13,0,0.047735095,False
691,14,0,0.10208792,True
691,15,0,0.0043923757,False
691,16,0,0.005067599,False
691,17,0,0.105995856,True
691,18,0,0.067248985,False
691,19,0,0.00048523187,False
1207,0,0,0.016500598,False
1207,1,0,0.06658585,False
1207,2,0,0.01897745,False
1207,3,0,0.03886635,False
1207,4,1,0.38779783,True
1207,5,0,0.00023409096,False
1207,6,0,0.0063343793,False
1207,7,0,0.018661078,False
1207,8,0,0.006039897,False
1207,9,0,0.0039731036,False
1207,10,0,0.072852254,False
1207,11,0,0.00015040296,False
1207,12,0,0.07906683,True
1207,13,0,0.005058661,False
1207,14,0,0.014529228,False
992,0,0,0.11906793,True
992,1,1,0.60972494,True
992,2,0,0.0010061729,False
992,3,0,0.023031235,False
992,4,0,0.03215436,False
992,5,0,0.044885185,False
992,6,0,0.06612243,False
992,7,0,0.06252624,False
992,8,0,0.05145271,False
992,9,0,0.06374984,False
992,10,0,0.07538253,False
992,11,0,0.024543315,False
992,12,0,0.05538375,False
992,13,0,9.916039e-05,False
823,0,0,0.009456287,False
823,1,0,0.4570269,True
823,2,0,0.00017189216,False
823,3,0,0.014503566,False
823,4,0,0.0065521463,False
823,5,0,0.017054532,False
823,6,0,0.043155946,False
823,7,0,0.0064587086,False
823,8,0,0.0041744723,False
823,9,1,0.6005142,True
823,10,0,0.0126006715,False
823,11,0,0.011888346,False
823,12,0,0.03526146,False
823,13,0,0.017178409,False
339,0,0,0.0056595756,False
339,1,0,0.3264329,True
339,2,1,0.047754698,False
339,3,0,0.0067885686,False
339,4,0,0.13102809,True
339,5,0,0.012486329,False
339,6,0,0.024662193,False
339,7,0,0.09440158,True
339,8,0,0.14028826,True
339,9,0,0.104081236,True
339,10,0,0.021795088,False
425,0,1,0.079007246,True
425,1,0,0.17768694,True
425,2,0,0.08910939,True
425,3,0,0.065115236,False
425,4,0,0.031878237,False
425,5,0,0.034542363,False
425,6,0,0.1003428,True
425,7,0,0.063570954,False
425,8,0,0.02477602,False
425,9,0,0.23160373,True
425,10,0,0.0004961542,False
425,11,0,0.16194032,True
425,12,0,0.018586297,False
88,0,0,0.16568781,True
88,1,1,0.3551264,True
88,2,0,0.42650595,True
88,3,0,0.39470646,True
88,4,0,0.018104043,False
88,5,0,0.017611219,False
88,6,0,0.06009923,False
88,7,0,0.03079276,False
88,8,0,0.005453721,False
88,9,0,0.0056824386,False
88,10,0,6.167377e-05,False
88,11,0,0.000119676835,False
88,12,0,0.00018740943,False
88,13,0,0.0054348684,False
194,0,0,0.060505275,False
194,1,0,0.0049304347,False
194,2,1,0.45430374,True
194,3,0,0.02185381,False
194,4,0,0.18685836,True
194,5,0,3.7284073e-05,False
194,6,0,0.22678705,True
194,7,0,0.007057534,False
194,8,0,0.00016399629,False
194,9,0,0.00024553237,False
194,10,0,0.0043579563,False
194,11,0,0.009370849,False
194,12,0,0.028442891,False
194,13,0,0.001510028,False
194,14,0,0.0008012307,False
194,15,0,0.018916143,False
194,16,0,0.004737554,False
1149,0,0,6.2323285e-05,False
1149,1,0,0.069201045,False
1149,2,0,0.07774042,False
1149,3,1,0.21222344,True
1149,4,0,0.021581583,False
1149,5,0,0.010932893,False
1149,6,0,0.015433128,False
1149,7,0,0.00931765,False
1149,8,0,0.10849012,True
1149,9,0,0.16126971,True
1149,10,0,9.901715e-05,False
1149,11,0,0.10493082,True
1149,12,0,0.050648518,False
1149,13,0,0.06414079,False
1149,14,0,0.09145616,True
1149,15,0,0.0022400185,False
1149,16,0,0.0028680721,False
1149,17,0,0.03266526,False
1149,18,0,0.039715495,False
1149,19,0,0.030707514,False
1149,20,0,0.0024306655,False
561,0,0,0.090843804,True
561,1,1,0.9292578,True
561,2,0,0.0005936346,False
561,3,0,0.42334098,True
561,4,0,0.091146864,True
561,5,0,0.008088234,False
561,6,0,0.00971259,False
561,7,0,0.07964647,True
561,8,0,0.012541701,False
561,9,0,0.011921463,False
561,10,0,0.0023955135,False
561,11,0,0.0039430466,False
561,12,0,4.5320267e-05,False
561,13,0,8.594819e-05,False
561,14,0,0.002045837,False
441,0,0,0.016211927,False
441,1,0,0.09386371,True
441,2,0,0.089656524,True
441,3,0,0.077466264,False
441,4,0,0.07891779,True
441,5,0,0.018171651,False
441,6,0,0.031860255,False
441,7,0,0.29331318,True
441,8,0,0.0002593169,False
441,9,0,0.01032884,False
441,10,0,0.30907404,True
441,11,1,0.187376,True
441,12,0,0.040153164,False
441,13,0,0.000239041,False
378,0,1,0.53654784,True
378,1,0,0.026967442,False
378,2,0,0.05229353,False
378,3,0,0.015186004,False
378,4,0,0.006447498,False
378,5,0,0.0076518026,False
378,6,0,0.10173989,True
378,7,0,0.002262893,False
378,8,0,0.012501745,False
378,9,0,0.009576607,False
378,10,0,0.04030391,False
378,11,0,0.032700952,False
378,12,1,0.46548584,True
11,0,0,0.28927666,True
11,1,0,0.03281178,False
11,2,0,0.028147757,False
11,3,0,0.037927303,False
11,4,0,0.00012779512,False
11,5,0,0.038434267,False
11,6,0,0.03171237,False
11,7,0,0.033804342,False
11,8,0,0.09653022,True
11,9,0,0.12776418,True
11,10,0,0.08311798,True
11,11,0,0.03394846,False
11,12,1,0.026586764,False
908,0,1,0.4726276,True
908,1,0,0.025576692,False
908,2,0,0.01993413,False
908,3,0,0.024134679,False
908,4,0,0.0058870907,False
908,5,0,0.0032564094,False
908,6,0,0.20650585,True
908,7,0,0.023790924,False
908,8,0,0.010802096,False
908,9,0,0.1195496,True
908,10,0,0.0035085543,False
908,11,0,0.011162231,False
908,12,0,0.31078288,True
908,13,0,0.025490208,False
83,0,0,0.0014116955,False
83,1,0,0.6863255,True
83,2,0,0.0033084073,False
83,3,0,0.0076909037,False
83,4,0,0.277898,True
83,5,0,0.00047423458,False
83,6,0,0.019896023,False
83,7,0,0.004632516,False
83,8,0,0.011054834,False
83,9,0,0.026634283,False
83,10,1,0.032868575,False
83,11,0,0.008807162,False
83,12,0,0.000103062994,False
83,13,0,0.011709873,False
873,0,0,0.08886586,True
873,1,0,0.07473211,False
873,2,0,0.05974702,False
873,3,0,0.027469533,False
873,4,0,0.023661068,False
873,5,0,0.02899091,False
873,6,0,0.12099782,True
873,7,0,0.044024963,False
873,8,0,0.20358562,True
873,9,1,0.8712971,True
873,10,1,0.91432786,True
873,11,0,0.01830563,False
272,0,1,0.23194464,True
272,1,0,0.15669984,True
272,2,0,0.051513918,False
272,3,0,0.010719531,False
272,4,0,0.1044123,True
272,5,0,0.31174043,True
272,6,0,0.105598725,True
272,7,0,0.11490192,True
272,8,0,0.13158345,True
272,9,0,0.15114376,True
272,10,0,0.051854342,False
272,11,0,0.16549811,True
321,0,0,0.020533161,False
321,1,0,0.09702865,True
321,2,1,0.46836278,True
321,3,0,0.06625282,False
321,4,0,0.004527071,False
321,5,0,0.017955612,False
321,6,0,0.004234978,False
321,7,0,0.014868971,False
321,8,1,0.39353418,True
321,9,0,0.07596375,False
321,10,0,0.0069784382,False
321,11,0,0.021690851,False
1201,0,0,0.02419849,False
1201,1,0,0.28588817,True
1201,2,0,1.7626931e-05,False
1201,3,0,0.02130515,False
1201,4,0,0.002890683,False
1201,5,0,0.003254746,False
1201,6,0,0.002108904,False
1201,7,0,0.00030853567,False
1201,8,0,0.0457982,False
1201,9,0,9.39091e-06,False
1201,10,0,0.01790634,False
1201,11,0,0.007241483,False
1201,12,0,0.0031815562,False
1201,13,0,0.001971433,False
1201,14,0,0.08487735,True
1201,15,0,3.1706615e-05,False
1201,16,0,0.0077393022,False
1201,17,0,0.0005423173,False
1201,18,0,0.00046876218,False
1201,19,0,0.00012464885,False
1201,20,0,0.0006303895,False
1201,21,0,0.0067201015,False
1201,22,0,0.00021960321,False
1201,23,1,0.03800947,False
1201,24,0,7.2052217e-06,False
1201,25,1,0.003142397,False
1201,26,0,0.006064617,False
1201,27,0,5.3601116e-06,False
1201,28,0,9.067736e-06,False
1201,29,0,0.0011098683,False
782,0,0,0.00026798696,False
782,1,0,0.09165909,True
782,2,0,0.0287431,False
782,3,0,0.028117973,False
782,4,0,0.10230223,True
782,5,0,0.029366814,False
782,6,0,0.1701171,True
782,7,0,0.0050764643,False
782,8,0,0.00561484,False
782,9,0,0.022595892,False
782,10,1,0.021704521,False
782,11,0,0.42329141,True
782,12,0,0.016252032,False
782,13,0,0.39405406,True
782,14,0,0.005733203,False
527,0,1,0.12941521,True
527,1,0,0.14433008,True
527,2,0,0.08379684,True
527,3,0,0.12198079,True
527,4,0,0.10412376,True
527,5,0,0.13885988,True
527,6,0,0.13948898,True
527,7,0,0.15221228,True
527,8,0,0.09305785,True
527,9,0,0.13949037,True
139,0,0,0.27137622,True
139,1,0,0.21897183,True
139,2,0,0.018236768,False
139,3,0,0.026435522,False
139,4,0,0.073381595,False
139,5,0,0.053639624,False
139,6,0,0.0062826374,False
139,7,0,0.009117099,False
139,8,0,0.24724776,True
139,9,0,0.07560404,False
139,10,1,0.2055311,True
139,11,1,0.33137706,True
24,0,1,0.7945265,True
24,1,0,0.04503251,False
24,2,0,0.36006558,True
24,3,0,0.0006297772,False
24,4,0,0.22497606,True
24,5,0,0.18619278,True
24,6,0,0.01766427,False
24,7,0,0.022662934,False
24,8,0,0.022864621,False
24,9,0,0.021007534,False
24,10,1,0.27127957,True
24,11,0,0.033128947,False
24,12,0,0.02334959,False
80,0,0,0.007290378,False
80,1,0,0.0058628586,False
80,2,0,0.00303255,False
80,3,0,0.00030397737,False
80,4,0,3.9360864e-05,False
80,5,0,0.00524719,False
80,6,0,0.0021175214,False
80,7,0,0.0022048864,False
80,8,0,0.005426153,False
80,9,0,0.019591771,False
80,10,0,0.00035361605,False
80,11,0,0.00046042327,False
80,12,1,0.46615362,True
80,13,0,0.018309359,False
80,14,0,0.18223809,True
80,15,0,0.18098947,True
80,16,0,0.22925007,True
80,17,0,0.16237289,True
80,18,0,0.23842622,True
80,19,0,0.052491486,False
1164,0,0,0.0012236289,False
1164,1,0,0.0010480168,False
1164,2,0,0.0005483593,False
1164,3,0,0.0048540486,False
1164,4,0,0.017537074,False
1164,5,0,0.014846971,False
1164,6,0,0.23343328,True
1164,7,0,0.026499324,False
1164,8,0,0.0048508984,False
1164,9,0,0.008250447,False
1164,10,0,0.23881279,True
1164,11,0,0.14493051,True
1164,12,0,0.17392893,True
1164,13,1,0.16018884,True
1164,14,0,0.08534772,True
1164,15,1,0.08480121,True
1164,16,0,0.02293822,False
1164,17,0,0.003154138,False
346,0,0,0.23941912,True
346,1,0,0.041420795,False
346,2,1,0.060544655,False
346,3,0,0.0038571036,False
346,4,0,0.0074744406,False
346,5,1,0.47337914,True
346,6,0,0.102912076,True
346,7,0,0.0018563592,False
346,8,0,0.0038146588,False
346,9,0,0.081402265,True
346,10,0,0.027179236,False
346,11,0,0.022521138,False
346,12,0,0.0056141475,False
346,13,0,0.34483823,True
346,14,0,0.000111734036,False
494,0,1,0.68042016,True
494,1,0,0.16200845,True
494,2,0,0.20110376,True
494,3,0,0.01621815,False
494,4,0,0.022811849,False
494,5,0,0.03177981,False
494,6,0,0.105595194,True
494,7,0,0.04231796,False
494,8,1,0.048366517,False
494,9,0,0.035119817,False
494,10,0,0.05316017,False
999,0,0,0.265727,True
999,1,0,0.09464299,True
999,2,0,0.04662551,False
999,3,0,0.04200564,False
999,4,0,0.01378099,False
999,5,0,0.03834775,False
999,6,0,0.06291175,False
999,7,0,0.08165656,True
999,8,0,0.13707852,True
999,9,0,0.078234516,False
999,10,0,0.0052151307,False
999,11,0,0.00058609835,False
999,12,0,0.0057201413,False
999,13,0,8.3695966e-05,False
999,14,1,0.0501836,False
598,0,1,0.009843315,False
598,1,0,0.5165392,True
598,2,0,0.00025289148,False
598,3,0,0.008451131,False
598,4,0,0.008660673,False
598,5,0,0.0040012645,False
598,6,0,0.017619545,False
598,7,0,0.049117632,False
598,8,0,0.06511589,False
598,9,0,0.1709454,True
598,10,1,0.117374934,True
598,11,0,0.10689429,True
598,12,0,0.08412879,True
598,13,0,0.006336876,False
598,14,0,0.001871897,False
3,0,0,0.05126046,False
3,1,1,0.66680384,True
3,2,0,0.0066746636,False
3,3,0,0.0083942665,False
3,4,0,0.006002446,False
3,5,0,0.02473679,False
3,6,0,0.017308772,False
3,7,0,0.019157639,False
3,8,0,0.0063909185,False
3,9,0,0.00010970027,False
3,10,0,0.0015399898,False
3,11,0,0.000367198,False
3,12,0,0.011422985,False
3,13,1,0.2476581,True
3,14,0,0.017620038,False
846,0,1,0.75588,True
846,1,0,0.017874971,False
846,2,1,0.055028915,False
846,3,0,0.07818231,False
846,4,0,0.15101154,True
846,5,0,0.08209235,True
846,6,0,0.03818654,False
846,7,0,0.0032838492,False
846,8,0,0.01729262,False
846,9,0,0.048627984,False
846,10,0,0.03385712,False
846,11,0,0.021156017,False
846,12,0,0.0065952176,False
915,0,1,0.5015789,True
915,1,0,0.012328851,False
915,2,0,0.011537418,False
915,3,0,0.011595012,False
915,4,0,0.007478539,False
915,5,0,0.14381057,True
915,6,0,0.053245664,False
915,7,0,0.40604684,True
915,8,0,0.0049031065,False
915,9,0,0.003918336,False
915,10,0,0.016797999,False
915,11,0,0.11885978,True
915,12,0,0.006969426,False
915,13,0,0.009278133,False
530,0,0,0.06483035,False
530,1,0,0.8572354,True
530,2,1,0.21887924,True
530,3,0,0.009959853,False
530,4,0,0.003560514,False
530,5,0,0.008289622,False
530,6,0,0.0044506057,False
530,7,0,0.00012435502,False
530,8,0,0.001076007,False
530,9,0,0.0002924181,False
530,10,0,0.010523434,False
530,11,0,0.03209578,False
530,12,0,0.01563782,False
530,13,0,0.0015050662,False
530,14,0,0.00048477744,False
530,15,0,0.001983032,False
530,16,0,0.0080457935,False
736,0,1,0.51845187,True
736,1,0,0.03630555,False
736,2,0,0.025275346,False
736,3,0,0.03895544,False
736,4,0,0.056130998,False
736,5,0,0.008639014,False
736,6,0,0.008337876,False
736,7,0,0.0055346475,False
736,8,0,0.012304842,False
736,9,0,0.023864396,False
736,10,0,0.37198576,True
736,11,1,0.022000577,False
736,12,0,0.030445952,False
736,13,0,0.03483139,False
384,0,1,0.27182683,True
384,1,0,0.008081435,False
384,2,0,0.007030895,False
384,3,0,0.013870005,False
384,4,0,0.03392687,False
384,5,0,0.007682244,False
384,6,0,0.0116399145,False
384,7,0,0.3543437,True
384,8,0,0.00890026,False
384,9,0,0.038870625,False
384,10,0,0.056727022,False
384,11,0,0.29991066,True
384,12,0,0.016129375,False
384,13,0,0.008057325,False
102,0,0,0.38922253,True
102,1,0,0.009823091,False
102,2,0,0.20932013,True
102,3,0,0.00039887152,False
102,4,0,0.010516455,False
102,5,0,0.0019826293,False
102,6,0,0.0113039175,False
102,7,0,0.008018238,False
102,8,0,0.5909799,True
102,9,0,0.007929688,False
102,10,0,0.00016565577,False
102,11,0,0.006392084,False
102,12,0,0.0093034925,False
102,13,0,0.00662395,False
102,14,1,0.2581566,True
912,0,0,0.028312853,False
912,1,0,0.10335132,True
912,2,0,0.00675745,False
912,3,0,0.013419401,False
912,4,0,0.029078895,False
912,5,0,0.36342496,True
912,6,0,0.0086817,False
912,7,0,0.0116349785,False
912,8,1,0.1525915,True
912,9,1,0.042050667,False
912,10,0,0.014359365,False
912,11,0,0.0141338445,False
912,12,0,0.02301001,False
912,13,0,0.3094037,True
1133,0,0,0.05650452,False
1133,1,0,0.06052473,False
1133,2,0,0.1659041,True
1133,3,0,0.057076134,False
1133,4,0,0.04632128,False
1133,5,0,0.17292686,True
1133,6,0,0.11492491,True
1133,7,0,0.00019789889,False
1133,8,0,0.02154073,False
1133,9,0,0.047698464,False
1133,10,1,0.40610138,True
1133,11,0,0.05877864,False
1133,12,0,0.057317976,False
1133,13,0,0.036286898,False
1133,14,0,0.024046477,False
665,0,0,0.0032621906,False
665,1,0,0.08004668,True
665,2,0,0.007969542,False
665,3,0,0.27328986,True
665,4,0,0.08611336,True
665,5,0,0.00017916287,False
665,6,0,0.0029873587,False
665,7,0,0.0012919502,False
665,8,0,0.012367104,False
665,9,0,0.03425784,False
665,10,0,0.028624577,False
665,11,0,0.029223962,False
665,12,0,0.02457926,False
665,13,1,0.3486103,True
665,14,0,0.007922976,False
665,15,0,0.0017551391,False
719,0,0,0.0062731686,False
719,1,0,0.0007036914,False
719,2,0,0.00076402625,False
719,3,0,0.006141744,False
719,4,0,5.2109585e-06,False
719,5,0,5.5009692e-05,False
719,6,0,0.06383728,False
719,7,0,0.00059764314,False
719,8,0,0.011184979,False
719,9,0,0.02184547,False
719,10,0,0.0036094596,False
719,11,0,0.019011274,False
719,12,0,0.0040167244,False
719,13,1,0.58112365,True
719,14,0,6.2796294e-06,False
719,15,0,0.0010703023,False
719,16,0,0.004654781,False
719,17,0,0.00073973014,False
719,18,0,0.002459854,False
719,19,0,0.0037963036,False
719,20,0,0.017171677,False
719,21,0,0.047511294,False
719,22,0,0.00055883516,False
91,0,0,0.29994893,True
91,1,0,0.041085195,False
91,2,0,0.0039387676,False
91,3,0,0.0002997429,False
91,4,0,4.293782e-06,False
91,5,0,0.009483348,False
91,6,0,0.00908448,False
91,7,0,0.0090735275,False
91,8,0,0.023978423,False
91,9,0,0.02470737,False
91,10,0,0.004052871,False
91,11,1,0.7879006,True
91,12,0,0.024062913,False
91,13,0,0.2560272,True
91,14,0,0.28641662,True
91,15,0,0.16470833,True
91,16,0,0.20263506,True
91,17,0,0.1179117,True
91,18,0,0.07225289,False
669,0,0,0.00027806117,False
669,1,0,0.10296309,True
669,2,0,0.05016046,False
669,3,1,0.58713746,True
669,4,0,0.03066057,False
669,5,0,0.18663767,True
669,6,0,0.07381538,False
669,7,0,0.007717361,False
669,8,0,0.048588146,False
669,9,0,0.1310003,True
669,10,0,0.15441337,True
669,11,0,0.105351664,True
669,12,0,0.045408655,False
669,13,0,0.045825038,False
669,14,0,0.036178414,False
669,15,0,7.511271e-05,False
998,0,0,0.00864171,False
998,1,0,0.229143,True
998,2,0,8.6310545e-05,False
998,3,0,0.0061560227,False
998,4,0,0.06652818,False
998,5,0,0.008899537,False
998,6,1,0.32634723,True
998,7,0,0.052110475,False
998,8,0,0.0011868605,False
998,9,0,0.022172408,False
998,10,0,0.00039819203,False
998,11,0,0.00012517866,False
998,12,0,0.036973402,False
998,13,0,0.0004749272,False
998,14,0,7.597261e-05,False
998,15,0,0.0050426857,False
998,16,0,3.698159e-05,False
998,17,0,0.08588752,True
998,18,0,8.595064e-05,False
998,19,0,0.03791436,False
484,0,0,0.017398598,False
484,1,0,0.007097534,False
484,2,0,0.020095902,False
484,3,0,0.081927195,True
484,4,0,0.09943881,True
484,5,1,0.24467225,True
484,6,0,0.00015003455,False
484,7,0,0.0044359397,False
484,8,0,0.14667086,True
484,9,0,0.0842719,True
484,10,0,0.00014381063,False
484,11,0,0.008712137,False
484,12,0,0.0039908774,False
484,13,0,0.01244742,False
484,14,0,0.028007582,False
547,0,0,0.40129384,True
547,1,0,0.038358245,False
547,2,0,0.035036206,False
547,3,0,0.021747004,False
547,4,0,0.034532983,False
547,5,0,0.0845424,True
547,6,0,0.019244723,False
547,7,0,0.010780986,False
547,8,0,0.00031545493,False
547,9,0,0.027747793,False
547,10,0,0.05440285,False
547,11,0,0.029862482,False
547,12,0,0.05203146,False
547,13,1,0.31369177,True
222,0,0,0.017176999,False
222,1,0,0.0013732355,False
222,2,0,0.0013901944,False
222,3,0,9.5358795e-05,False
222,4,1,0.06279516,False
222,5,0,0.00028656735,False
222,6,0,0.04477342,False
222,7,1,0.7771155,True
222,8,0,0.010534945,False
222,9,0,0.0043103206,False
222,10,0,0.0033095162,False
222,11,0,0.031933166,False
222,12,0,0.031008339,False
222,13,0,0.0017631155,False
222,14,0,0.0076194354,False
222,15,0,2.3720073e-05,False
222,16,0,0.0011701465,False
222,17,0,0.0029905192,False
222,18,0,0.006432148,False
249,0,0,0.0066241915,False
249,1,1,0.45322248,True
249,2,0,0.002604659,False
249,3,0,0.0044762734,False
249,4,0,0.03518352,False
249,5,0,0.014698585,False
249,6,0,0.004273304,False
249,7,0,0.07887496,True
249,8,0,0.36867842,True
249,9,1,0.41201597,True
249,10,0,0.017160729,False
249,11,0,0.0002264292,False
249,12,0,0.014688934,False
249,13,0,0.015276959,False
1161,0,0,0.6079753,True
1161,1,0,0.02686296,False
1161,2,0,0.028539987,False
1161,3,0,0.049128126,False
1161,4,0,0.0023811052,False
1161,5,0,0.002651952,False
1161,6,1,0.12341256,True
1161,7,0,0.00036734852,False
1161,8,0,0.02335822,False
1161,9,0,0.14181934,True
1161,10,0,0.01330947,False
1161,11,0,0.029035669,False
1161,12,0,0.13903446,True
1161,13,0,0.000102088874,False
1161,14,0,0.002640908,False
1161,15,0,0.06427068,False
1,0,0,0.025018843,False
1,1,0,0.006719745,False
1,2,0,0.0044801612,False
1,3,0,0.0003497769,False
1,4,0,0.001654224,False
1,5,0,0.005307138,False
1,6,0,0.0037669148,False
1,7,0,0.002126866,False
1,8,0,0.012799017,False
1,9,0,0.050250057,False
1,10,0,0.0028858355,False
1,11,0,0.18003795,True
1,12,0,0.072772786,False
1,13,0,0.17422302,True
1,14,0,0.17646241,True
1,15,0,0.24376763,True
1,16,0,0.36349055,True
1,17,0,0.00074754475,False
1,18,1,0.11149209,True
1,19,0,0.062613666,False
1004,0,0,0.08589072,True
1004,1,0,0.019022806,False
1004,2,1,0.016616669,False
1004,3,0,0.080863476,True
1004,4,0,0.0827231,True
1004,5,0,0.103264935,True
1004,6,0,0.15474187,True
1004,7,1,0.14445612,True
1004,8,0,0.14321855,True
1004,9,0,0.12291721,True
1004,10,0,0.113108724,True
1004,11,0,0.07070481,False
1004,12,0,0.069045745,False
1004,13,0,0.008936506,False
1137,0,0,0.00055782,False
1137,1,0,0.12935036,True
1137,2,0,0.10015141,True
1137,3,0,0.025421124,False
1137,4,0,0.00200595,False
1137,5,0,0.004796512,False
1137,6,0,0.01932139,False
1137,7,0,0.028477276,False
1137,8,1,0.44168487,True
1137,9,0,0.0021045913,False
1137,10,0,0.058394153,False
1137,11,0,0.014627685,False
1137,12,0,0.018410865,False
1137,13,0,0.023840182,False
1137,14,0,0.0061532552,False
1096,0,0,0.00027981,False
1096,1,1,0.02191373,False
1096,2,1,0.040380135,False
1096,3,0,0.026161352,False
1096,4,0,0.00018459119,False
1096,5,0,0.048354633,False
1096,6,0,0.01570934,False
1096,7,0,0.10041448,True
1096,8,0,0.022681091,False
1096,9,0,0.04757256,False
1096,10,0,0.030168401,False
1096,11,0,0.0065055764,False
1096,12,0,0.11652648,True
1096,13,0,0.36802465,True
1096,14,0,0.3077406,True
1096,15,0,0.026116377,False
1096,16,0,0.044297516,False
293,0,0,0.01638746,False
293,1,0,0.08883503,True
293,2,1,0.056222565,False
293,3,0,0.24392636,True
293,4,0,0.0010311966,False
293,5,0,0.043346208,False
293,6,0,0.016617605,False
293,7,0,0.009345143,False
293,8,0,0.005393032,False
293,9,0,0.012439427,False
293,10,0,5.4475335e-05,False
293,11,0,0.0012405484,False
293,12,0,0.23459971,True
293,13,0,0.0025937792,False
293,14,0,2.8151346e-05,False
293,15,0,0.0026695316,False
293,16,1,0.1552823,True
423,0,0,0.013963678,False
423,1,0,0.03519885,False
423,2,0,0.019034546,False
423,3,0,0.037245587,False
423,4,0,0.020503987,False
423,5,0,0.033571515,False
423,6,0,0.6144843,True
423,7,0,0.00090594916,False
423,8,0,0.017130597,False
423,9,0,0.07805295,False
423,10,1,0.44249576,True
423,11,0,0.29089984,True
951,0,0,0.010790602,False
951,1,0,0.025685344,False
951,2,0,0.45793614,True
951,3,0,0.00026324936,False
951,4,0,0.01460934,False
951,5,0,0.013089657,False
951,6,0,0.47831172,True
951,7,0,0.00019079408,False
951,8,0,0.005196349,False
951,9,1,0.20598221,True
951,10,0,0.0066012405,False
951,11,0,0.005464634,False
951,12,0,0.008529607,False
951,13,0,0.02456575,False
951,14,0,0.066650905,False
951,15,0,0.018498812,False
977,0,0,0.0014679589,False
977,1,1,0.37675026,True
977,2,0,0.12811157,True
977,3,0,0.004437353,False
977,4,0,0.010344693,False
977,5,0,0.048615124,False
977,6,0,0.04179151,False
977,7,0,0.14735149,True
977,8,0,0.020719174,False
977,9,0,0.038217574,False
977,10,0,0.052533157,False
977,11,0,0.012517371,False
977,12,0,0.0002531554,False
977,13,0,0.04653297,False
977,14,0,0.003747836,False
977,15,0,0.0002489193,False
602,0,1,0.4873664,True
602,1,0,0.0016423457,False
602,2,0,0.064602666,False
602,3,0,0.2205717,True
602,4,0,0.013625275,False
602,5,0,0.044360943,False
602,6,0,0.06357124,False
602,7,0,0.063777946,False
602,8,0,0.11215283,True
602,9,0,0.011485026,False
602,10,0,0.00011813552,False
602,11,0,0.0342599,False
602,12,0,0.061503652,False
602,13,0,0.114893526,True
602,14,0,0.07237226,False
602,15,0,0.005168008,False
200,0,0,0.033175405,False
200,1,0,0.016979538,False
200,2,0,0.01728951,False
200,3,0,0.025304617,False
200,4,1,0.7522041,True
200,5,0,7.617552e-05,False
200,6,0,0.0009801432,False
200,7,1,0.58443475,True
200,8,0,0.00023447246,False
200,9,0,0.00086060213,False
200,10,0,1.3188745e-05,False
200,11,0,0.003986293,False
200,12,0,0.0012523035,False
200,13,0,3.0360405e-05,False
200,14,0,0.0005575758,False
200,15,0,0.00043431218,False
200,16,0,2.1716753e-05,False
432,0,0,0.045042373,False
432,1,0,0.014076189,False
432,2,1,0.55110633,True
432,3,0,0.10584395,True
432,4,0,0.16822408,True
432,5,0,0.05357594,False
432,6,0,0.10777148,True
432,7,0,0.013043685,False
432,8,0,0.005291835,False
432,9,0,0.008976829,False
432,10,1,0.037248757,False
432,11,0,0.002083404,False
432,12,0,0.0071076723,False
432,13,0,0.077952616,False
956,0,0,0.00018537327,False
956,1,0,0.048405495,False
956,2,0,0.00044077283,False
956,3,0,0.07687606,False
956,4,0,0.0007188767,False
956,5,0,0.00092854624,False
956,6,0,0.00090064964,False
956,7,0,0.014730073,False
956,8,0,0.018929677,False
956,9,0,0.03964326,False
956,10,0,0.5842584,True
956,11,0,0.008476631,False
956,12,1,0.101575,True
956,13,0,3.67463e-05,False
956,14,0,0.0032496483,False
956,15,0,0.05983181,False
956,16,0,0.036555886,False
956,17,0,0.31060106,True
956,18,0,0.0037959034,False
510,0,0,0.01301102,False
510,1,0,0.35738835,True
510,2,1,0.028492767,False
510,3,0,0.049477898,False
510,4,0,0.03909939,False
510,5,0,0.0003300816,False
510,6,0,0.0038806405,False
510,7,0,0.0018011299,False
510,8,0,8.359387e-05,False
510,9,0,0.0010943229,False
510,10,0,0.00014610743,False
510,11,0,0.00015552316,False
510,12,0,0.0015035928,False
510,13,0,0.0001319706,False
510,14,0,0.00012655517,False
510,15,0,0.0019701358,False
510,16,0,0.00022668389,False
510,17,0,0.00023528317,False
510,18,0,0.0050056176,False
510,19,0,0.008819454,False
510,20,0,0.00014695892,False
510,21,0,0.0015273214,False
510,22,0,0.00013267518,False
510,23,0,9.1066264e-05,False
510,24,0,0.002878044,False
510,25,0,0.00024492867,False
510,26,0,0.007780889,False
510,27,0,0.0010900825,False
510,28,0,0.00013728916,False
510,29,0,0.00034445117,False
510,30,0,0.00012263961,False
195,0,0,0.020952756,False
195,1,0,0.20897143,True
195,2,0,7.223209e-05,False
195,3,0,0.020574734,False
195,4,0,0.09579419,True
195,5,0,0.011654729,False
195,6,0,0.01706475,False
195,7,0,0.033191208,False
195,8,0,0.029973486,False
195,9,0,0.018981978,False
195,10,0,0.018927982,False
195,11,0,0.38479748,True
195,12,0,0.25747713,True
195,13,1,0.030737475,False
195,14,0,0.010741853,False
195,15,0,0.0057612816,False
112,0,0,0.00015386037,False
112,1,0,0.0053866724,False
112,2,0,0.015093425,False
112,3,0,0.047624096,False
112,4,0,0.0063413307,False
112,5,0,0.01116481,False
112,6,0,0.005890239,False
112,7,0,0.01716463,False
112,8,0,0.027724255,False
112,9,0,0.0025767768,False
112,10,1,0.26602814,True
112,11,0,0.029274538,False
112,12,0,0.050169095,False
112,13,0,0.13600567,True
112,14,0,0.20003648,True
112,15,1,0.37286,True
112,16,0,0.06552378,False
756,0,0,0.016057268,False
756,1,0,0.011280025,False
756,2,0,0.03438744,False
756,3,0,0.6828122,True
756,4,1,0.9193736,True
756,5,1,0.6738808,True
756,6,0,0.005674926,False
756,7,0,0.005332777,False
756,8,0,0.020595666,False
756,9,0,0.039883014,False
756,10,0,0.01542934,False
756,11,0,0.007057785,False
879,0,0,0.060378004,False
879,1,0,0.07041285,False
879,2,0,0.08586154,True
879,3,0,0.025228908,False
879,4,0,0.014070181,False
879,5,1,0.04227231,False
879,6,1,0.0821829,True
879,7,0,0.17179057,True
879,8,0,0.000986745,False
879,9,0,0.019517502,False
879,10,0,0.751381,True
879,11,0,0.02831229,False
879,12,0,0.006721932,False
34,0,1,0.4847503,True
34,1,0,0.03313653,False
34,2,0,0.23423041,True
34,3,0,0.00019154834,False
34,4,0,0.09385655,True
34,5,0,0.11798118,True
34,6,0,0.009865862,False
34,7,0,0.011216487,False
34,8,0,0.011265118,False
34,9,0,0.011905119,False
34,10,0,0.27483556,True
34,11,0,0.016394034,False
34,12,0,0.30101722,True
34,13,0,0.011820058,False
108,0,0,0.05706375,False
108,1,0,0.18380548,True
108,2,0,0.035179432,False
108,3,1,0.0071324217,False
108,4,0,0.002185468,False
108,5,0,0.0056943805,False
108,6,0,5.1953106e-05,False
108,7,0,0.0069521912,False
108,8,0,0.001870554,False
108,9,0,1.0633745e-05,False
108,10,0,0.00010386858,False
108,11,0,0.52568984,True
108,12,0,0.018936578,False
108,13,0,0.023130272,False
108,14,0,0.12960632,True
108,15,0,0.076918416,False
108,16,0,0.038813185,False
108,17,0,0.13741529,True
108,18,0,0.037975185,False
108,19,0,0.09988306,True
209,0,0,0.026051102,False
209,1,0,0.07627123,False
209,2,0,0.034214634,False
209,3,0,0.029022995,False
209,4,0,0.122363284,True
209,5,0,0.020642802,False
209,6,0,0.010764618,False
209,7,0,0.15660211,True
209,8,0,0.11625197,True
209,9,0,0.12554829,True
209,10,0,0.02227384,False
209,11,0,0.37063995,True
209,12,1,0.3296179,True
209,13,0,0.10231377,True
914,0,1,0.52796894,True
914,1,0,0.018329728,False
914,2,0,0.024278741,False
914,3,0,0.017057274,False
914,4,0,0.0023518563,False
914,5,0,0.016148569,False
914,6,0,0.1456745,True
914,7,0,0.0020789276,False
914,8,0,0.026029985,False
914,9,0,0.043355957,False
914,10,0,0.42210257,True
914,11,0,0.01123552,False
914,12,0,0.009427036,False
914,13,0,0.110859655,True
135,0,0,0.35895807,True
135,1,0,0.015816113,False
135,2,0,0.010231045,False
135,3,0,0.0150456745,False
135,4,0,0.0023596135,False
135,5,0,0.0053372835,False
135,6,0,0.02402076,False
135,7,0,0.33119926,True
135,8,1,0.7722214,True
135,9,1,0.89863896,True
135,10,0,0.0046861507,False
135,11,0,0.015546974,False
888,0,0,0.03355292,False
888,1,0,0.235927,True
888,2,0,0.014470751,False
888,3,0,0.022933062,False
888,4,0,0.015708663,False
888,5,0,0.035486616,False
888,6,0,0.14713997,True
888,7,0,0.051282402,False
888,8,0,0.21013121,True
888,9,0,0.039511446,False
888,10,1,0.09086183,True
888,11,0,0.016539428,False
888,12,0,0.0065700756,False
888,13,0,0.0019483068,False
888,14,0,0.1796856,True
888,15,1,0.0031595447,False
888,16,0,0.021062482,False
1055,0,0,8.6514905e-05,False
1055,1,0,0.009017271,False
1055,2,0,0.008300669,False
1055,3,0,0.013039291,False
1055,4,0,0.012456508,False
1055,5,0,0.0093044285,False
1055,6,0,0.009542398,False
1055,7,0,0.005432119,False
1055,8,0,0.0023230298,False
1055,9,0,0.31139007,True
1055,10,1,0.30993655,True
1055,11,0,0.59887606,True
1055,12,1,0.88986474,True
1055,13,0,0.0076282965,False
1055,14,0,0.0096279215,False
1055,15,0,0.011380294,False
1094,0,0,0.40698627,True
1094,1,1,0.059491757,False
1094,2,0,0.041704122,False
1094,3,0,0.026390892,False
1094,4,0,0.009789306,False
1094,5,0,0.03072903,False
1094,6,0,0.009299652,False
1094,7,0,0.018602544,False
1094,8,0,0.07531926,False
1094,9,0,0.09089516,True
1094,10,0,0.30039155,True
1094,11,0,0.04255213,False
1094,12,0,0.015973033,False
1094,13,0,0.022818483,False
1094,14,0,0.045442227,False
415,0,0,0.089058146,True
415,1,0,0.07854578,False
415,2,0,0.08451546,True
415,3,0,0.027065761,False
415,4,0,0.013555103,False
415,5,0,0.3873452,True
415,6,0,0.008022787,False
415,7,1,0.45300528,True
415,8,1,0.89382493,True
415,9,0,0.0121825645,False
415,10,0,0.03227748,False
1089,0,0,0.14583524,True
1089,1,0,0.012012087,False
1089,2,0,0.033163343,False
1089,3,0,0.045623686,False
1089,4,0,0.09048868,True
1089,5,0,0.10255997,True
1089,6,0,0.08697969,True
1089,7,0,0.09446226,True
1089,8,0,0.14550008,True
1089,9,1,0.41767216,True
1089,10,1,0.08282324,True
1089,11,0,0.0692357,False
1089,12,0,0.048363946,False
1089,13,0,0.030133897,False
1152,0,0,0.016505057,False
1152,1,0,0.007728404,False
1152,2,0,0.012599344,False
1152,3,0,0.0007919439,False
1152,4,0,0.007599563,False
1152,5,0,0.013730001,False
1152,6,0,0.009888004,False
1152,7,0,0.0052108285,False
1152,8,0,0.0010549236,False
1152,9,0,0.052597273,False
1152,10,0,0.061085906,False
1152,11,0,0.6312,True
1152,12,1,0.95383245,True
1152,13,1,0.70515066,True
358,0,0,0.4185461,True
358,1,0,0.024015713,False
358,2,0,0.14268205,True
358,3,0,0.009331032,False
358,4,0,0.0011839157,False
358,5,0,0.010913152,False
358,6,0,0.041717328,False
358,7,0,0.057458922,False
358,8,0,0.04665884,False
358,9,1,0.52657187,True
358,10,0,0.047131628,False
358,11,0,0.011266694,False
738,0,0,0.03741876,False
738,1,0,0.032651592,False
738,2,0,0.018899517,False
738,3,1,0.4535998,True
738,4,0,0.00011150903,False
738,5,0,0.045849953,False
738,6,0,0.11489081,True
738,7,0,0.059710562,False
738,8,0,0.00034795332,False
738,9,0,0.0013532836,False
738,10,0,0.006284477,False
738,11,0,0.031825222,False
738,12,1,0.037886076,False
738,13,0,0.033864293,False
738,14,0,0.007394449,False
193,0,0,0.49910766,True
193,1,1,0.083075315,True
193,2,0,0.020749329,False
193,3,0,0.037313912,False
193,4,0,0.053096853,False
193,5,1,0.056778148,False
193,6,0,0.16265593,True
193,7,0,0.04030762,False
193,8,1,0.07513971,False
193,9,0,0.0442907,False
193,10,0,0.089861795,True
193,11,0,0.024297545,False
193,12,0,0.005129013,False
193,13,0,0.000136693,False
337,0,0,0.009631819,False
337,1,1,0.566188,True
337,2,0,0.031487577,False
337,3,1,0.6745206,True
337,4,0,0.008361584,False
337,5,0,0.02791019,False
337,6,0,0.021055242,False
337,7,0,0.030374184,False
337,8,0,0.24282475,True
337,9,0,0.017937928,False
337,10,0,0.024027988,False
1192,0,0,0.030611567,False
1192,1,0,0.0071492675,False
1192,2,0,0.018112116,False
1192,3,0,0.0017817987,False
1192,4,0,0.0033550921,False
1192,5,0,0.037651494,False
1192,6,0,0.035964165,False
1192,7,0,0.4941782,True
1192,8,0,0.06846721,False
1192,9,1,0.5862067,True
1192,10,0,0.0026083803,False
1192,11,0,0.008789709,False
1192,12,0,0.023294218,False
1192,13,0,0.000113141985,False
1192,14,0,0.015428247,False
1192,15,0,0.5211907,True
1192,16,0,0.050065976,False
1192,17,0,0.00013502302,False
937,0,0,0.014141301,False
937,1,0,0.0044276193,False
937,2,0,0.003544861,False
937,3,0,0.005194225,False
937,4,0,0.006543913,False
937,5,0,0.336746,True
937,6,0,0.054040715,False
937,7,0,0.0014002423,False
937,8,0,0.06473358,False
937,9,0,0.0014657798,False
937,10,1,0.57849467,True
937,11,0,3.7485286e-05,False
937,12,0,0.0033596314,False
937,13,0,0.39556435,True
937,14,0,0.31424055,True
937,15,0,0.0023230112,False
937,16,0,0.03482542,False
764,0,1,0.44936186,True
764,1,0,0.012508563,False
764,2,0,0.022347532,False
764,3,0,0.051173404,False
764,4,0,0.014448565,False
764,5,1,0.006826023,False
764,6,0,0.12007136,True
764,7,0,0.023562998,False
764,8,1,0.043753643,False
764,9,0,0.14933471,True
764,10,0,0.0010063003,False
764,11,0,0.09267846,True
764,12,0,0.0070469757,False
764,13,0,0.041686576,False
39,0,0,0.355325,True
39,1,0,0.012576632,False
39,2,0,0.016614676,False
39,3,0,0.013858961,False
39,4,0,0.007809735,False
39,5,0,0.079392895,True
39,6,0,0.07608558,False
39,7,0,0.0641049,False
39,8,0,0.00035696672,False
39,9,0,0.059046175,False
39,10,0,0.008339121,False
39,11,1,0.19717276,True
39,12,0,0.011941345,False
39,13,0,0.012781972,False
39,14,0,0.17791165,True
335,0,0,0.0034921896,False
335,1,0,0.5927606,True
335,2,0,0.014241378,False
335,3,1,0.58302975,True
335,4,0,0.0037193012,False
335,5,0,0.008504975,False
335,6,0,0.036336713,False
335,7,0,0.057438977,False
335,8,0,0.11291616,True
335,9,0,0.091937095,True
335,10,0,0.03647186,False
733,0,0,0.052356094,False
733,1,0,0.16007437,True
733,2,0,0.1878952,True
733,3,0,0.013714777,False
733,4,0,0.01562278,False
733,5,0,0.11034399,True
733,6,0,0.15839255,True
733,7,0,0.07191004,False
733,8,0,0.024561437,False
733,9,0,0.036942378,False
733,10,1,0.31867304,True
733,11,0,0.0032557675,False
733,12,0,0.0030573732,False
619,0,0,0.1257056,True
619,1,0,0.020689214,False
619,2,0,0.039281625,False
619,3,0,0.039522983,False
619,4,0,0.020440752,False
619,5,0,0.0031666667,False
619,6,0,0.0028906032,False
619,7,0,0.000112284404,False
619,8,0,8.9796056e-05,False
619,9,0,8.3451865e-05,False
619,10,0,0.0038794666,False
619,11,0,0.020103771,False
619,12,1,0.6507872,True
619,13,0,0.07188985,False
619,14,0,0.6259871,True
619,15,0,8.1024256e-05,False
619,16,0,0.017703507,False
619,17,0,0.00059633364,False
891,0,0,0.0049236715,False
891,1,0,0.54190224,True
891,2,0,0.013089387,False
891,3,0,0.13014798,True
891,4,0,0.07211725,False
891,5,0,0.0004874771,False
891,6,0,0.008783371,False
891,7,0,0.00778725,False
891,8,0,0.0023528421,False
891,9,0,0.0024944535,False
891,10,0,0.004690979,False
891,11,0,0.0001390797,False
891,12,0,0.00071230554,False
891,13,1,0.16857727,True
891,14,0,0.0009951063,False
891,15,0,1.6138394e-05,False
891,16,0,0.00089122314,False
891,17,0,0.08836104,True
341,0,0,0.010630066,False
341,1,0,0.32707912,True
341,2,0,0.053820364,False
341,3,0,0.052302625,False
341,4,1,0.623146,True
341,5,0,0.017298238,False
341,6,0,0.02376269,False
341,7,0,0.05350023,False
341,8,0,0.14021717,True
341,9,0,0.05659188,False
341,10,0,0.020323142,False
100,0,0,0.017140491,False
100,1,0,0.4037849,True
100,2,0,0.0004765731,False
100,3,0,0.011357415,False
100,4,0,0.011593623,False
100,5,0,0.012139574,False
100,6,0,0.018232271,False
100,7,1,0.01020301,False
100,8,0,0.0066207913,False
100,9,0,0.0077572395,False
100,10,0,0.4571821,True
100,11,0,0.020873507,False
100,12,0,0.0001513086,False
100,13,0,0.0056996206,False
393,0,0,0.09597903,True
393,1,0,0.014191059,False
393,2,0,0.042721175,False
393,3,0,0.01291505,False
393,4,0,0.01633697,False
393,5,1,0.5124962,True
393,6,0,0.048212174,False
393,7,0,0.12671189,True
393,8,0,0.087850526,True
393,9,0,7.505994e-05,False
393,10,0,0.11159461,True
393,11,0,0.008244196,False
393,12,0,7.325568e-05,False
393,13,0,0.07446321,False
393,14,0,0.15123516,True
393,15,0,6.929402e-05,False
260,0,1,0.67654824,True
260,1,0,0.012673198,False
260,2,0,0.4448167,True
260,3,0,0.00019534491,False
260,4,0,0.0021367294,False
260,5,0,0.0415933,False
260,6,0,0.00035624974,False
260,7,0,0.0010520793,False
260,8,0,0.006864539,False
260,9,0,0.0054702084,False
260,10,0,0.00031038935,False
260,11,0,0.006268197,False
260,12,0,0.22824714,True
260,13,0,0.0070655714,False
260,14,0,0.012796222,False
167,0,0,0.00053579203,False
167,1,0,0.2686259,True
167,2,0,0.06939658,False
167,3,0,0.039004605,False
167,4,1,0.42353427,True
167,5,1,0.03369118,False
167,6,0,0.11024041,True
167,7,0,0.007286117,False
167,8,0,0.010840581,False
167,9,0,0.108859695,True
167,10,0,0.13580894,True
167,11,0,0.13021845,True
167,12,0,0.00854873,False
575,0,0,0.0005150938,False
575,1,1,0.9948895,True
575,2,0,0.029239481,False
575,3,0,0.0049474975,False
575,4,0,0.005997319,False
575,5,0,0.0037306214,False
575,6,0,0.0075406292,False
575,7,0,0.020741412,False
575,8,0,0.029474389,False
575,9,0,0.03239353,False
575,10,0,0.036386695,False
575,11,0,0.32616895,True
575,12,0,0.017994637,False
1043,0,0,0.038194563,False
1043,1,1,0.9035836,True
1043,2,0,0.00038156935,False
1043,3,0,0.035964694,False
1043,4,0,0.340142,True
1043,5,0,0.036937114,False
1043,6,0,0.05958208,False
1043,7,0,0.052926783,False
1043,8,0,0.038295195,False
1043,9,0,0.034647852,False
1043,10,0,0.047199477,False
1043,11,0,0.028492749,False
1043,12,0,0.030577205,False
1043,13,0,0.025025398,False
146,0,0,0.5229269,True
146,1,0,0.023961851,False
146,2,0,0.019977706,False
146,3,0,0.04156661,False
146,4,0,0.048117097,False
146,5,1,0.03579147,False
146,6,0,0.009382108,False
146,7,0,0.004691008,False
146,8,0,0.046826236,False
146,9,0,0.8797728,True
146,10,0,0.095006935,True
146,11,0,0.0011667834,False
681,0,0,0.24814808,True
681,1,0,0.2989783,True
681,2,0,0.105068885,True
681,3,0,0.0039822664,False
681,4,0,0.020370614,False
681,5,0,0.017845562,False
681,6,0,0.068300374,False
681,7,1,0.5924002,True
681,8,0,0.01724697,False
681,9,0,0.01367258,False
681,10,0,0.012078852,False
681,11,1,0.39976653,True
681,12,0,0.28319475,True
681,13,1,0.49030405,True
65,0,1,0.4945664,True
65,1,0,0.03926803,False
65,2,0,0.08439948,True
65,3,0,4.6798927e-05,False
65,4,0,0.010623994,False
65,5,0,0.019099275,False
65,6,0,0.020453885,False
65,7,0,0.019488309,False
65,8,0,0.32332367,True
65,9,0,0.90506536,True
65,10,0,0.35497963,True
65,11,0,0.013545625,False
65,12,0,0.08292821,True
65,13,0,8.022207e-05,False
238,0,0,0.021284586,False
238,1,0,0.013114573,False
238,2,0,0.00820237,False
238,3,1,0.6967276,True
238,4,0,0.0040957844,False
238,5,0,0.34877056,True
238,6,0,0.00027437776,False
238,7,0,0.002392638,False
238,8,0,0.0015543293,False
238,9,0,0.022844905,False
238,10,0,0.015634224,False
238,11,0,0.016800812,False
238,12,0,0.003305822,False
958,0,0,0.008490761,False
958,1,0,0.17225769,True
958,2,0,0.022143567,False
958,3,0,0.075082816,False
958,4,0,0.014739814,False
958,5,1,0.03800901,False
958,6,0,0.076712854,False
958,7,0,0.1008871,True
958,8,0,0.1252802,True
958,9,0,0.263633,True
958,10,0,0.034286067,False
958,11,1,0.2474727,True
958,12,0,0.22462305,True
958,13,0,0.03820854,False
588,0,0,0.0006564651,False
588,1,0,0.14829367,True
588,2,0,0.12800504,True
588,3,1,0.020717248,False
588,4,0,0.023430437,False
588,5,0,0.022482047,False
588,6,0,0.00060122967,False
588,7,0,0.020333033,False
588,8,0,0.019146034,False
588,9,0,0.02739171,False
588,10,0,0.2292888,True
588,11,0,0.103937134,True
588,12,0,0.21594416,True
588,13,0,0.16181725,True
588,14,0,0.13054782,True
588,15,0,0.023271736,False
588,16,0,0.021264436,False
588,17,0,0.049904577,False
588,18,0,0.010699006,False
890,0,0,0.014930125,False
890,1,0,0.25042713,True
890,2,0,0.005130892,False
890,3,0,0.005851988,False
890,4,0,0.0016375881,False
890,5,0,0.007991736,False
890,6,1,0.2953637,True
890,7,0,0.02650793,False
890,8,0,0.044502456,False
890,9,0,0.03113116,False
890,10,0,0.05670905,False
890,11,0,8.772207e-05,False
890,12,0,0.028630355,False
890,13,0,0.002463314,False
890,14,0,0.003524212,False
890,15,0,0.0009336802,False
890,16,0,0.039365653,False
890,17,0,0.0018002805,False
890,18,0,0.01074783,False
614,0,0,0.1745647,True
614,1,0,0.39783588,True
614,2,0,0.021847231,False
614,3,1,0.030814072,False
614,4,0,0.023184491,False
614,5,0,0.03709991,False
614,6,0,0.022855371,False
614,7,0,0.052139144,False
614,8,0,0.027474308,False
614,9,0,0.070721105,False
614,10,0,0.0678444,False
614,11,0,0.03468247,False
871,0,0,0.14500806,True
871,1,0,0.082330704,True
871,2,0,0.12043629,True
871,3,0,0.05354986,False
871,4,0,0.087569356,True
871,5,0,0.010823256,False
871,6,0,0.011293312,False
871,7,0,0.0689267,False
871,8,0,0.0854203,True
871,9,1,0.5215725,True
871,10,0,0.04619812,False
871,11,0,0.01605681,False
411,0,0,0.04360391,False
411,1,0,0.11495343,True
411,2,0,0.062278382,False
411,3,0,0.0059894584,False
411,4,0,0.0062594563,False
411,5,0,0.008651556,False
411,6,0,0.13813804,True
411,7,0,0.011018813,False
411,8,1,0.86776215,True
411,9,1,0.28313553,True
411,10,0,0.005385007,False
1066,0,0,0.049132913,False
1066,1,1,0.7366902,True
1066,2,0,0.0031665494,False
1066,3,0,0.021903696,False
1066,4,0,0.038059525,False
1066,5,0,0.030675093,False
1066,6,0,0.01080575,False
1066,7,0,0.005863123,False
1066,8,0,0.38952404,True
1066,9,0,0.001470929,False
1066,10,0,0.0057874084,False
1066,11,0,0.04513742,False
1066,12,0,0.000117809504,False
1066,13,0,0.11151827,True
1066,14,0,0.04416192,False
1066,15,0,0.038680844,False
492,0,1,0.6751335,True
492,1,0,0.0060524973,False
492,2,0,0.07000319,False
492,3,0,0.012669262,False
492,4,0,0.0010360096,False
492,5,0,0.0008810599,False
492,6,0,0.030893615,False
492,7,0,1.5716072e-05,False
492,8,0,0.00012481073,False
492,9,0,0.08173122,True
492,10,0,0.0024284418,False
492,11,0,0.032376837,False
492,12,0,0.014976441,False
492,13,0,0.04364692,False
492,14,0,1.6285192e-05,False
492,15,0,0.012207792,False
492,16,0,0.42305377,True
492,17,0,0.013963693,False
492,18,0,3.386151e-05,False
492,19,0,0.3905484,True
492,20,0,0.0010816287,False
492,21,0,6.686136e-05,False
978,0,0,0.024267493,False
978,1,0,0.2947622,True
978,2,0,8.637271e-05,False
978,3,0,0.007483099,False
978,4,0,0.081019305,True
978,5,0,0.009114206,False
978,6,1,0.49412268,True
978,7,0,0.016944554,False
978,8,0,0.00046282783,False
978,9,0,0.011364279,False
978,10,0,0.00029268727,False
978,11,0,0.00972028,False
978,12,0,0.0010395462,False
978,13,0,0.00036618055,False
978,14,0,0.0057113743,False
978,15,0,0.00035612818,False
978,16,0,0.0030226505,False
978,17,0,3.923711e-05,False
978,18,0,0.0407258,False
978,19,0,0.00019020139,False
978,20,0,0.032138634,False
246,0,1,0.7846069,True
246,1,0,0.016276736,False
246,2,0,0.37936962,True
246,3,0,0.00014690692,False
246,4,0,0.033303898,False
246,5,0,0.011848587,False
246,6,0,0.023338217,False
246,7,0,0.001501792,False
246,8,0,0.0046496163,False
246,9,0,0.009312938,False
246,10,0,0.011907568,False
246,11,0,0.2094723,True
246,12,0,0.0075993934,False
246,13,0,0.005282717,False
557,0,0,0.00020591609,False
557,1,0,0.057329603,False
557,2,0,0.10630822,True
557,3,0,0.056655712,False
557,4,0,0.08546239,True
557,5,0,0.015796581,False
557,6,0,0.3454029,True
557,7,0,0.007034634,False
557,8,0,0.008702157,False
557,9,0,0.012845383,False
557,10,0,0.028707864,False
557,11,0,0.046134025,False
557,12,1,0.06600623,False
557,13,0,0.0016787794,False
557,14,0,0.00031338033,False
557,15,0,0.019783149,False
557,16,0,0.081142135,True
776,0,0,0.08782829,True
776,1,0,0.0089371735,False
776,2,0,0.007353045,False
776,3,0,0.022078356,False
776,4,0,0.026267622,False
776,5,0,0.27305397,True
776,6,0,0.041980095,False
776,7,0,0.009099644,False
776,8,1,0.7185365,True
776,9,0,0.0005346623,False
776,10,0,0.01820876,False
776,11,0,0.013483673,False
776,12,0,0.009200186,False
776,13,0,0.009571805,False
277,0,0,0.013652623,False
277,1,1,0.20986895,True
277,2,0,0.00039762096,False
277,3,0,0.08971764,True
277,4,0,0.3863407,True
277,5,0,0.14923155,True
277,6,0,0.02303141,False
277,7,0,0.001735089,False
277,8,0,0.01570783,False
277,9,0,0.053826414,False
277,10,0,0.069847934,False
277,11,0,0.04510042,False
277,12,0,0.022460943,False
84,0,0,0.00023521767,False
84,1,0,0.31101274,True
84,2,0,0.016910624,False
84,3,0,0.060950197,False
84,4,0,0.0006203304,False
84,5,0,0.0077600074,False
84,6,0,0.20638208,True
84,7,0,0.0014904786,False
84,8,0,0.0010412561,False
84,9,0,0.016878746,False
84,10,0,0.08222395,True
84,11,0,0.022832427,False
84,12,1,0.49756196,True
84,13,0,0.002153535,False
916,0,0,0.19522177,True
916,1,0,0.04851858,False
916,2,0,0.03913172,False
916,3,0,0.048824053,False
916,4,0,0.042949565,False
916,5,1,0.45076767,True
916,6,0,0.016527843,False
916,7,0,0.19893439,True
916,8,0,0.008226985,False
916,9,0,0.0019948797,False
916,10,0,0.10858603,True
916,11,0,0.15314734,True
916,12,0,0.004033397,False
916,13,0,0.077430464,False
896,0,1,0.468315,True
896,1,0,0.012614967,False
896,2,0,0.061086833,False
896,3,0,0.008519205,False
896,4,0,0.018537642,False
896,5,0,0.021214643,False
896,6,0,0.0057838126,False
896,7,0,0.0060426285,False
896,8,0,0.030249614,False
896,9,0,0.069901556,False
896,10,0,0.46692458,True
896,11,0,0.039450172,False
896,12,0,0.014524812,False
728,0,0,0.00041622718,False
728,1,1,0.27444407,True
728,2,0,0.0023636331,False
728,3,0,0.0387341,False
728,4,1,0.5478792,True
728,5,0,0.2250505,True
728,6,0,0.00017943795,False
728,7,0,0.0029244658,False
728,8,0,0.0024599324,False
728,9,0,0.0654969,False
728,10,0,0.001920068,False
728,11,0,0.0006445404,False
728,12,0,0.07198021,False
728,13,0,0.0020318832,False
224,0,0,0.013491192,False
224,1,0,0.0032809305,False
224,2,0,0.0034260952,False
224,3,0,0.0035888283,False
224,4,0,0.004637728,False
224,5,0,0.0097929165,False
224,6,0,0.007770158,False
224,7,0,0.0024870385,False
224,8,1,0.38031465,True
224,9,0,0.027909117,False
224,10,0,0.15895501,True
224,11,0,0.17980437,True
224,12,0,0.068495296,False
224,13,0,0.3144139,True
224,14,1,0.092553146,True
224,15,0,0.060858916,False
224,16,0,0.032956704,False
224,17,0,0.00019035343,False
224,18,0,0.0013723667,False
191,0,0,0.00065711513,False
191,1,0,0.0075841714,False
191,2,1,0.18422318,True
191,3,0,0.10767771,True
191,4,0,0.060101625,False
191,5,0,0.020363368,False
191,6,0,0.10534705,True
191,7,0,0.14221387,True
191,8,0,0.06209527,False
191,9,0,0.1413735,True
191,10,0,0.09463118,True
191,11,1,0.12612577,True
191,12,0,0.046943415,False
96,0,1,0.7502974,True
96,1,0,0.12179404,True
96,2,0,0.34500968,True
96,3,0,0.00038032248,False
96,4,1,0.3094269,True
96,5,0,0.050379634,False
96,6,0,0.13157329,True
96,7,0,0.006032244,False
96,8,0,0.020715652,False
96,9,0,0.1346554,True
96,10,0,0.03584665,False
96,11,0,0.036253244,False
96,12,0,0.01028952,False
960,0,1,0.65795785,True
960,1,0,0.08688009,True
960,2,0,0.026706394,False
960,3,0,0.031420384,False
960,4,0,0.084096745,True
960,5,0,0.044847514,False
960,6,0,0.07951545,True
960,7,0,0.055569228,False
960,8,0,0.045734987,False
960,9,0,0.03703101,False
960,10,0,0.16378573,True
960,11,0,0.21738867,True
960,12,0,0.02054736,False
759,0,0,0.032207,False
759,1,1,0.4687893,True
759,2,0,0.0010117134,False
759,3,0,0.23369372,True
759,4,0,0.017094672,False
759,5,0,0.025321417,False
759,6,0,0.006237788,False
759,7,0,0.119742915,True
759,8,0,0.011817785,False
759,9,0,0.02336903,False
759,10,0,0.012668408,False
759,11,0,0.007973098,False
759,12,0,0.09804636,True
541,0,0,0.18411456,True
541,1,0,0.122569434,True
541,2,0,0.010181136,False
541,3,0,0.016374867,False
541,4,0,0.036001444,False
541,5,0,0.029444361,False
541,6,0,0.0270867,False
541,7,0,0.010222622,False
541,8,1,0.5169339,True
541,9,0,0.0030915372,False
541,10,0,0.15178096,True
541,11,0,0.00093887385,False
541,12,0,0.06219101,False
367,0,1,0.6947553,True
367,1,0,0.040407322,False
367,2,0,0.020530296,False
367,3,0,0.072150104,False
367,4,0,0.08738838,True
367,5,0,0.063800424,False
367,6,0,0.010439572,False
367,7,0,0.0023967512,False
367,8,0,0.033148095,False
367,9,0,0.1966197,True
367,10,0,0.021571388,False
367,11,1,0.15014131,True
213,0,0,0.00023815471,False
213,1,0,0.079616025,True
213,2,0,0.035906434,False
213,3,0,0.57116,True
213,4,1,0.0061628884,False
213,5,0,0.2865108,True
213,6,0,0.006465475,False
213,7,0,0.009707102,False
213,8,1,0.44959018,True
213,9,0,0.0007481456,False
213,10,0,0.008550388,False
213,11,0,0.00837446,False
213,12,0,0.017208567,False
213,13,0,0.0114466315,False
213,14,0,0.009857827,False
213,15,0,0.0068483367,False
913,0,0,0.01044905,False
913,1,0,0.018027099,False
913,2,0,0.09658324,True
913,3,0,0.04175674,False
913,4,0,0.0014653521,False
913,5,0,0.015581057,False
913,6,0,0.02689524,False
913,7,0,0.019891316,False
913,8,0,0.30952835,True
913,9,0,0.010285981,False
913,10,1,0.2874693,True
913,11,0,0.006074766,False
913,12,0,0.0068034087,False
913,13,1,0.41428605,True
132,0,0,0.0987752,True
132,1,1,0.7759154,True
132,2,0,0.0023894885,False
132,3,0,0.11853768,True
132,4,0,0.20750901,True
132,5,0,0.007421351,False
132,6,0,0.013101532,False
132,7,0,0.0624711,False
132,8,0,0.08739006,True
132,9,0,0.03877758,False
132,10,0,0.014580044,False
551,0,1,0.6232801,True
551,1,0,0.031872645,False
551,2,0,0.10191233,True
551,3,0,0.07756651,False
551,4,0,0.06732343,False
551,5,0,0.047001127,False
551,6,0,0.022024045,False
551,7,0,0.027940841,False
551,8,0,0.018686961,False
551,9,0,0.001618146,False
551,10,0,0.05047878,False
551,11,0,0.009714343,False
551,12,0,0.03404782,False
551,13,0,0.093060285,True
58,0,0,0.37157792,True
58,1,0,0.016390944,False
58,2,0,0.1158108,True
58,3,0,0.35516402,True
58,4,0,0.0027524985,False
58,5,0,0.009422229,False
58,6,0,0.009753133,False
58,7,0,0.0011785822,False
58,8,0,0.0052605453,False
58,9,0,0.0012128784,False
58,10,0,0.0058329604,False
58,11,0,0.0098903,False
58,12,1,0.3632358,True
58,13,0,9.6637435e-05,False
58,14,0,0.077295914,False
58,15,0,0.024669047,False
143,0,0,0.30854785,True
143,1,0,0.017718082,False
143,2,0,0.011999349,False
143,3,0,0.010059265,False
143,4,0,0.0040804027,False
143,5,0,0.0020400768,False
143,6,0,0.14880297,True
143,7,1,0.6014259,True
143,8,1,0.6432334,True
143,9,0,0.0029392177,False
143,10,0,0.0040388945,False
143,11,0,0.013294788,False
364,0,0,0.0009126216,False
364,1,0,0.09286526,True
364,2,0,0.0037130693,False
364,3,0,0.0030082532,False
364,4,0,0.045323737,False
364,5,0,0.026342323,False
364,6,0,0.024338907,False
364,7,1,0.38842803,True
364,8,0,0.0012698052,False
364,9,0,0.03342385,False
364,10,1,0.611038,True
364,11,0,0.4830632,True
503,0,0,0.1583925,True
503,1,1,0.6633465,True
503,2,1,0.1440385,True
503,3,1,0.39740965,True
503,4,0,0.020261172,False
503,5,0,0.00018997393,False
503,6,0,0.00042296323,False
503,7,0,0.0042796917,False
503,8,0,0.0005037805,False
503,9,0,0.00037606584,False
503,10,0,0.010598534,False
503,11,0,0.0010011266,False
503,12,0,0.0036700985,False
503,13,0,0.0055426215,False
503,14,0,0.0004733277,False
503,15,0,0.0004733277,False
503,16,0,0.0052749473,False
503,17,0,0.0002626477,False
503,18,0,0.00046641545,False
503,19,0,0.0057631666,False
503,20,0,0.0005462158,False
503,21,0,0.0002751348,False
503,22,0,0.0015666039,False
503,23,0,0.0009816155,False
503,24,0,0.00079636753,False
503,25,0,0.00077293074,False
1058,0,0,0.3802708,True
1058,1,0,0.012108203,False
1058,2,0,0.0048552,False
1058,3,0,0.010202826,False
1058,4,0,0.013813249,False
1058,5,0,0.015945153,False
1058,6,0,0.012027137,False
1058,7,0,0.021517491,False
1058,8,0,0.015545938,False
1058,9,0,0.008159127,False
1058,10,0,0.00023769328,False
1058,11,0,0.034327812,False
1058,12,0,0.0110218795,False
1058,13,0,0.17840041,True
1058,14,0,0.13160548,True
1058,15,1,0.103196494,True
1058,16,0,0.10754519,True
1058,17,1,0.25152403,True
374,0,1,0.42152387,True
374,1,0,0.007709937,False
374,2,0,0.01919706,False
374,3,0,0.018068884,False
374,4,0,0.009156279,False
374,5,0,0.0037979344,False
374,6,0,0.0072866795,False
374,7,0,0.21510513,True
374,8,0,0.020500591,False
374,9,0,0.019419676,False
374,10,0,0.013723132,False
374,11,0,0.020499106,False
374,12,0,0.39863482,True
799,0,0,0.11226529,True
799,1,0,0.059848398,False
799,2,0,0.09139685,True
799,3,0,0.02181441,False
799,4,0,0.0055538793,False
799,5,0,0.012635766,False
799,6,0,0.14614293,True
799,7,0,0.0066516562,False
799,8,0,0.0073028537,False
799,9,0,0.02129529,False
799,10,0,0.033816557,False
799,11,1,0.61681277,True
799,12,0,0.031079222,False
799,13,0,0.00016233222,False
799,14,0,0.007266749,False
799,15,0,0.035181213,False
799,16,0,0.017937401,False
117,0,0,0.012313063,False
117,1,0,0.013617639,False
117,2,0,0.0030887963,False
117,3,0,0.012469555,False
117,4,0,0.005215359,False
117,5,0,0.0143957585,False
117,6,0,0.004445597,False
117,7,0,0.0067592165,False
117,8,0,0.013044256,False
117,9,0,0.00058722106,False
117,10,1,0.38248494,True
117,11,0,0.0072947,False
117,12,0,0.027842756,False
117,13,0,0.12698232,True
117,14,0,0.12600598,True
117,15,0,0.19287463,True
117,16,0,0.1773419,True
117,17,0,0.15864567,True
117,18,0,0.25759673,True
1097,0,1,0.09010816,True
1097,1,0,0.18039271,True
1097,2,0,0.007078101,False
1097,3,0,0.02769761,False
1097,4,0,0.03664133,False
1097,5,0,0.029000254,False
1097,6,0,0.105455816,True
1097,7,0,0.04047678,False
1097,8,0,0.058189645,False
1097,9,0,0.045731977,False
1097,10,0,5.0874594e-05,False
1097,11,0,0.033347335,False
1097,12,0,0.027094956,False
1097,13,0,8.3937266e-05,False
1097,14,0,0.050386168,False
1097,15,0,0.528103,True
1097,16,0,0.016630646,False
1123,0,0,0.075509876,False
1123,1,0,0.0022392832,False
1123,2,0,0.0028653312,False
1123,3,0,0.02025577,False
1123,4,0,0.019326469,False
1123,5,0,0.008229128,False
1123,6,0,0.0037050361,False
1123,7,0,0.07470808,False
1123,8,0,0.74778736,True
1123,9,1,0.965953,True
1123,10,1,0.8118264,True
1123,11,0,0.16143593,True
1123,12,0,0.070052795,False
712,0,1,0.47840524,True
712,1,0,0.020582166,False
712,2,0,0.049368892,False
712,3,0,0.017709868,False
712,4,0,0.004114278,False
712,5,0,0.22514091,True
712,6,0,0.05902921,False
712,7,0,0.11624074,True
712,8,0,0.012509064,False
712,9,0,0.0035168969,False
712,10,0,9.986164e-05,False
712,11,0,0.002960414,False
712,12,0,0.0074334084,False
712,13,0,0.010387986,False
712,14,0,0.040448982,False
930,0,0,0.0028472424,False
930,1,0,0.12969865,True
930,2,0,0.003911467,False
930,3,0,0.021231076,False
930,4,0,0.10631558,True
930,5,0,0.0736229,False
930,6,0,0.028408693,False
930,7,0,0.00200804,False
930,8,0,0.017693153,False
930,9,0,0.02110799,False
930,10,0,0.1931857,True
930,11,0,0.018058205,False
930,12,0,0.024381444,False
930,13,1,0.2234063,True
930,14,0,0.011820208,False
1143,0,0,0.008748576,False
1143,1,1,0.3225359,True
1143,2,0,0.0018065985,False
1143,3,0,0.36889967,True
1143,4,0,0.00016561993,False
1143,5,0,0.06371464,False
1143,6,0,0.012688571,False
1143,7,0,0.30678886,True
1143,8,0,0.0011754066,False
1143,9,0,0.0019313965,False
1143,10,0,0.032113068,False
1143,11,0,0.031036695,False
1143,12,0,0.031078069,False
1143,13,0,0.0017476112,False
1143,14,0,0.0009218964,False
1143,15,0,3.490272e-05,False
1143,16,0,1.5521397e-05,False
1143,17,0,2.4882209e-05,False
679,0,0,0.5362528,True
679,1,0,0.017686307,False
679,2,0,0.11683127,True
679,3,0,0.00012560145,False
679,4,0,0.012494599,False
679,5,0,0.3366121,True
679,6,0,0.02269187,False
679,7,1,0.7448246,True
679,8,0,0.017940518,False
679,9,0,0.011040592,False
679,10,0,3.535025e-05,False
679,11,0,0.003710726,False
679,12,0,0.009467039,False
679,13,0,0.04845947,False
679,14,0,0.043679237,False
679,15,0,0.011240426,False
679,16,0,0.0026427687,False
679,17,0,0.010506616,False
679,18,0,3.2083077e-05,False
476,0,0,0.027006732,False
476,1,0,0.022162765,False
476,2,0,0.009210683,False
476,3,1,0.49730358,True
476,4,0,0.002471913,False
476,5,0,0.47697875,True
476,6,0,0.0008283601,False
476,7,0,0.022435253,False
476,8,0,0.0033501307,False
476,9,0,0.010055425,False
476,10,0,0.0198531,False
476,11,0,0.0114055835,False
476,12,0,0.005572279,False
349,0,0,0.004991211,False
349,1,0,0.037084967,False
349,2,0,0.020282231,False
349,3,0,0.01700462,False
349,4,0,0.370534,True
349,5,0,0.00016203205,False
349,6,1,0.047505315,False
349,7,0,0.22996016,True
349,8,0,0.020055218,False
349,9,0,0.0011868667,False
349,10,0,0.0005415107,False
349,11,0,0.006905996,False
349,12,0,0.015199395,False
349,13,0,0.058779363,False
349,14,0,0.006053622,False
349,15,0,0.07237123,False
349,16,0,0.0037714234,False
349,17,0,0.19223407,True
373,0,1,0.8358499,True
373,1,0,0.022506064,False
373,2,0,0.19327328,True
373,3,0,0.0004885396,False
373,4,0,0.03212983,False
373,5,0,0.03703045,False
373,6,0,0.007429501,False
373,7,0,0.008467337,False
373,8,0,0.008359418,False
373,9,0,0.007742419,False
373,10,0,0.006603502,False
373,11,0,0.0067916457,False
373,12,0,0.46134686,True
140,0,0,0.109992065,True
140,1,0,0.08731777,True
140,2,1,0.23623636,True
140,3,0,0.017220855,False
140,4,0,0.0038105622,False
140,5,0,0.0036185037,False
140,6,0,0.054162942,False
140,7,0,0.016067857,False
140,8,0,0.01316358,False
140,9,0,0.54649574,True
140,10,0,0.059203357,False
140,11,0,0.0053592483,False
223,0,0,0.0036427216,False
223,1,1,0.5543213,True
223,2,0,3.9653485e-05,False
223,3,0,0.0011144839,False
223,4,0,0.46900195,True
223,5,0,0.013138651,False
223,6,0,0.0010022976,False
223,7,0,0.08828641,True
223,8,0,0.00036607095,False
223,9,0,0.0009042473,False
223,10,0,0.0007560192,False
223,11,0,0.001997458,False
223,12,0,0.0009576415,False
223,13,0,2.287592e-05,False
223,14,0,0.0001703967,False
223,15,0,0.0003807692,False
223,16,0,0.0017605267,False
223,17,0,0.00025875433,False
223,18,0,0.00437488,False
239,0,0,0.019337999,False
239,1,0,0.0008609224,False
239,2,1,0.73852104,True
239,3,0,0.0033148793,False
239,4,1,0.2974855,True
239,5,0,0.0008944277,False
239,6,0,0.06553257,False
239,7,0,0.04718762,False
239,8,0,0.035825416,False
239,9,0,0.012965498,False
239,10,0,0.009422994,False
239,11,0,0.5356649,True
239,12,0,0.020310812,False
64,0,0,0.08397446,True
64,1,1,0.441733,True
64,2,0,0.13978364,True
64,3,0,0.004244416,False
64,4,0,0.0064614476,False
64,5,0,0.0065405257,False
64,6,0,0.010279061,False
64,7,0,0.024284156,False
64,8,0,0.030512316,False
64,9,0,0.054470517,False
64,10,0,0.44314128,True
64,11,0,0.027339922,False
64,12,0,0.0062960354,False
270,0,0,0.36081693,True
270,1,0,0.028664947,False
270,2,0,0.026047722,False
270,3,0,0.0049395245,False
270,4,0,0.0029824374,False
270,5,0,0.017799504,False
270,6,1,0.2777012,True
270,7,0,0.028865134,False
270,8,0,0.03424076,False
270,9,0,0.021756765,False
270,10,1,0.38377962,True
270,11,0,0.052570734,False
270,12,0,0.048821352,False
270,13,0,0.0033655586,False
922,0,0,0.5157964,True
922,1,0,0.009757491,False
922,2,0,0.14513044,True
922,3,0,0.005590768,False
922,4,0,0.17907974,True
922,5,0,0.06364425,False
922,6,0,0.0017267804,False
922,7,0,0.0026223937,False
922,8,0,0.06389415,False
922,9,0,0.01925391,False
922,10,0,0.027646957,False
922,11,1,0.37306836,True
922,12,0,0.049497545,False
922,13,0,0.0072294907,False
840,0,0,0.0026066045,False
840,1,1,0.67069525,True
840,2,0,0.0016843803,False
840,3,0,0.42735982,True
840,4,0,0.00014361739,False
840,5,0,0.004343914,False
840,6,0,0.01047636,False
840,7,0,0.00021761328,False
840,8,0,0.0017765372,False
840,9,0,0.0090368325,False
840,10,0,0.024008065,False
840,11,0,0.00017805878,False
840,12,0,0.00430773,False
840,13,0,0.036599047,False
840,14,0,0.0017715717,False
840,15,0,0.013661409,False
87,0,0,0.044793427,False
87,1,1,0.3259342,True
87,2,0,0.00011863232,False
87,3,0,0.010483243,False
87,4,0,0.5091039,True
87,5,0,0.06934332,False
87,6,0,0.01854845,False
87,7,0,0.17384137,True
87,8,0,0.0069014817,False
87,9,0,0.0051790862,False
87,10,0,0.025868103,False
87,11,0,0.034324273,False
87,12,0,0.0009376134,False
87,13,0,0.00020100609,False
87,14,0,0.03319862,False
87,15,0,0.024237325,False
673,0,0,0.14605421,True
673,1,0,0.8367506,True
673,2,0,0.0009414044,False
673,3,0,0.08221821,True
673,4,0,0.027147984,False
673,5,0,0.0142007945,False
673,6,1,0.2834223,True
673,7,0,0.015673585,False
673,8,0,0.0031106302,False
673,9,0,0.0056977267,False
673,10,0,0.037975572,False
673,11,0,0.055579025,False
673,12,0,0.064504035,False
673,13,0,0.026944004,False
673,14,0,0.0075873747,False
673,15,0,0.009633734,False
332,0,0,0.0098692775,False
332,1,0,0.002829268,False
332,2,0,0.014999276,False
332,3,1,0.6321505,True
332,4,0,0.00022141745,False
332,5,0,0.013376018,False
332,6,0,0.5462986,True
332,7,0,0.0047265626,False
332,8,0,0.018784888,False
332,9,0,0.003439591,False
332,10,0,0.017687865,False
332,11,0,0.02059278,False
332,12,0,8.6458575e-05,False
332,13,0,0.011696388,False
332,14,0,0.066246115,False
332,15,0,0.011071153,False
332,16,0,0.032030728,False
866,0,0,0.00077259826,False
866,1,0,0.005108453,False
866,2,0,0.0036317187,False
866,3,0,0.00015164082,False
866,4,0,0.00068653806,False
866,5,0,0.0008425223,False
866,6,0,0.0007696988,False
866,7,0,0.0012593619,False
866,8,0,0.007971002,False
866,9,0,0.0005160725,False
866,10,0,0.0036741702,False
866,11,0,0.0015532174,False
866,12,0,0.00018595305,False
866,13,0,0.0032385897,False
866,14,0,0.02197573,False
866,15,0,0.10554294,True
866,16,0,8.9726804e-05,False
866,17,0,0.035458464,False
866,18,0,0.0033395658,False
866,19,1,0.535975,True
866,20,0,0.0013255891,False
866,21,0,0.21956336,True
866,22,0,6.189985e-05,False
866,23,0,0.009596251,False
624,0,0,0.0043678014,False
624,1,0,0.0033404771,False
624,2,0,0.0055593015,False
624,3,0,0.657318,True
624,4,0,0.000119126686,False
624,5,0,0.0022462169,False
624,6,0,0.0028685438,False
624,7,0,0.0039405623,False
624,8,0,0.0061725127,False
624,9,0,0.014113016,False
624,10,1,0.47090143,True
624,11,0,0.267957,True
624,12,0,0.0008196075,False
624,13,0,0.0011329262,False
624,14,0,0.00031324173,False
624,15,0,9.143661e-05,False
624,16,0,1.52151815e-05,False
624,17,0,1.0043753e-05,False
624,18,0,0.0009091898,False
1090,0,0,0.11192483,True
1090,1,0,0.00806679,False
1090,2,0,0.017856054,False
1090,3,0,0.031026727,False
1090,4,0,0.058677293,False
1090,5,0,0.07097444,False
1090,6,0,0.07028066,False
1090,7,0,0.08549765,True
1090,8,0,0.105207846,True
1090,9,0,0.08171104,True
1090,10,0,0.07632572,False
1090,11,0,0.05845133,False
1090,12,0,0.12063952,True
1090,13,1,0.54350716,True
281,0,0,0.54447997,True
281,1,0,0.018574482,False
281,2,0,0.34813672,True
281,3,0,0.095649526,True
281,4,1,0.09087627,True
281,5,0,0.0038337966,False
281,6,0,0.11974529,True
281,7,0,0.0001441768,False
281,8,0,0.0022998475,False
281,9,0,0.002376477,False
281,10,0,0.03318104,False
281,11,0,0.01173915,False
281,12,0,0.0220947,False
281,13,0,0.0055456497,False
824,0,0,0.0026429195,False
824,1,0,0.12524246,True
824,2,0,0.016140502,False
824,3,0,0.012599414,False
824,4,0,0.453172,True
824,5,0,0.00037534552,False
824,6,1,0.12802526,True
824,7,0,0.06571056,False
824,8,0,0.0088548595,False
824,9,0,0.018149063,False
824,10,0,0.022633418,False
824,11,0,0.07004661,False
824,12,0,0.012675753,False
824,13,0,0.013077885,False
301,0,0,0.07655062,False
301,1,0,0.2222902,True
301,2,0,0.10208584,True
301,3,0,0.07655062,False
301,4,0,0.0059583792,False
301,5,0,0.011638418,False
301,6,0,0.06255139,False
301,7,0,0.07778559,False
301,8,0,0.07396784,False
301,9,1,0.4580118,True
301,10,0,0.013446503,False
38,0,0,0.009126694,False
38,1,0,0.022617698,False
38,2,1,0.8365467,True
38,3,0,0.000267325,False
38,4,0,0.013678613,False
38,5,0,0.08531867,True
38,6,0,0.016300458,False
38,7,0,0.013206904,False
38,8,0,0.017445525,False
38,9,0,0.0013018722,False
38,10,0,0.0014883116,False
38,11,0,0.020586811,False
38,12,0,0.00021374504,False
38,13,0,0.041341003,False
791,0,0,0.014391444,False
791,1,0,0.012250336,False
791,2,0,0.022892725,False
791,3,0,0.0068018567,False
791,4,0,0.0019189672,False
791,5,0,0.72921807,True
791,6,0,0.002063481,False
791,7,1,0.3862824,True
791,8,0,1.0400164e-05,False
791,9,0,0.00045744673,False
791,10,0,0.001490874,False
791,11,0,2.585027e-05,False
791,12,0,1.7301896e-06,False
791,13,0,0.0013933842,False
791,14,0,4.9965107e-05,False
791,15,0,0.0032595699,False
791,16,0,0.00084504083,False
791,17,0,3.389631e-05,False
600,0,0,0.4870161,True
600,1,0,0.043681353,False
600,2,0,0.045720898,False
600,3,0,0.07848501,False
600,4,0,0.031256374,False
600,5,0,0.028874524,False
600,6,0,0.022316108,False
600,7,0,0.070155874,False
600,8,0,0.055614527,False
600,9,0,0.08105931,True
600,10,0,0.015500374,False
600,11,0,0.028615566,False
600,12,1,0.06883436,False
600,13,0,0.0122247385,False
600,14,0,0.024682436,False
1078,0,0,0.0016912017,False
1078,1,0,0.020761112,False
1078,2,0,0.0022186274,False
1078,3,0,0.019179348,False
1078,4,0,0.003585907,False
1078,5,0,0.0046117934,False
1078,6,0,0.13134262,True
1078,7,0,0.0026918997,False
1078,8,0,0.031121295,False
1078,9,0,0.030268105,False
1078,10,0,0.017011939,False
1078,11,0,0.012314426,False
1078,12,0,0.45645964,True
1078,13,1,0.2703464,True
1078,14,0,0.004777702,False
1078,15,0,0.025576483,False
843,0,0,0.0019086909,False
843,1,1,0.38807946,True
843,2,0,0.0011046065,False
843,3,0,0.014985199,False
843,4,0,0.6673976,True
843,5,0,0.06162049,False
843,6,0,0.24292062,True
843,7,0,0.008376368,False
843,8,0,0.0659944,False
843,9,0,0.03833753,False
843,10,0,0.09343152,True
843,11,0,0.07839053,False
843,12,0,0.011544092,False
843,13,0,0.00028041782,False
832,0,0,0.38992545,True
832,1,0,0.0200389,False
832,2,0,0.08590004,True
832,3,0,0.0017007879,False
832,4,0,0.2324969,True
832,5,0,0.0002254462,False
832,6,0,0.0031758952,False
832,7,0,0.0068799187,False
832,8,0,0.027703894,False
832,9,0,0.005189058,False
832,10,0,0.004680014,False
832,11,0,0.25724024,True
832,12,0,0.009965192,False
832,13,1,0.2634367,True
832,14,0,0.0058923615,False
729,0,0,0.0054151425,False
729,1,0,0.3004366,True
729,2,0,0.024095576,False
729,3,0,0.012274101,False
729,4,0,0.4235188,True
729,5,0,0.00047691097,False
729,6,1,0.02904397,False
729,7,0,0.00060448004,False
729,8,0,0.0036504986,False
729,9,0,0.02376009,False
729,10,0,0.05120138,False
729,11,0,0.16036277,True
729,12,0,0.0606587,False
729,13,0,0.034281198,False
37,0,0,0.011341459,False
37,1,1,0.61258376,True
37,2,0,0.0076750857,False
37,3,0,0.27182835,True
37,4,0,0.11051349,True
37,5,0,0.0032383187,False
37,6,0,0.0042909575,False
37,7,0,0.01155572,False
37,8,0,0.028119879,False
37,9,0,0.0020592953,False
37,10,0,0.003500109,False
37,11,0,0.041913304,False
37,12,0,0.000126993,False
37,13,0,0.02025769,False
202,0,0,0.020577068,False
202,1,0,0.0021722969,False
202,2,0,0.0003571284,False
202,3,0,6.0296916e-05,False
202,4,0,9.3675655e-05,False
202,5,0,0.0025248397,False
202,6,0,0.00111178,False
202,7,0,0.0005454128,False
202,8,0,0.0006257405,False
202,9,0,0.010719557,False
202,10,0,6.827726e-05,False
202,11,0,0.060147595,False
202,12,0,0.00053308025,False
202,13,0,0.002173525,False
202,14,0,0.058782686,False
202,15,0,0.0036676566,False
202,16,1,0.64302456,True
202,17,0,1.4611625e-05,False
202,18,0,0.013821215,False
202,19,0,0.007342451,False
202,20,0,0.023781817,False
202,21,0,0.021088613,False
202,22,0,0.008952458,False
202,23,0,0.018599402,False
424,0,0,0.029078208,False
424,1,0,0.066601284,False
424,2,0,0.028151728,False
424,3,0,0.034443326,False
424,4,0,0.025135275,False
424,5,0,0.03796212,False
424,6,0,0.029454889,False
424,7,0,0.278588,True
424,8,0,0.03563737,False
424,9,0,0.18111789,True
424,10,0,0.108302295,True
424,11,1,0.21982147,True
424,12,0,0.05639017,False
26,0,0,0.23337805,True
26,1,0,0.21181631,True
26,2,0,0.11927154,True
26,3,0,0.008461762,False
26,4,0,0.017853336,False
26,5,0,0.13219473,True
26,6,0,0.35098824,True
26,7,0,0.02542357,False
26,8,0,0.018855939,False
26,9,0,0.015077253,False
26,10,1,0.59151196,True
26,11,0,0.38044372,True
26,12,1,0.58099824,True
947,0,1,0.07718436,False
947,1,1,0.0918042,True
947,2,0,0.047877125,False
947,3,0,0.012603758,False
947,4,0,0.04159803,False
947,5,0,0.085529424,True
947,6,0,0.00012619414,False
947,7,0,0.0464094,False
947,8,0,0.25798762,True
947,9,0,0.01792797,False
947,10,0,0.033504058,False
947,11,1,0.14596744,True
947,12,0,0.00036798065,False
947,13,0,0.17654476,True
947,14,0,0.13181219,True
982,0,1,0.26740372,True
982,1,0,0.03803531,False
982,2,0,0.035453655,False
982,3,0,0.067460425,False
982,4,0,0.12231193,True
982,5,0,0.018558694,False
982,6,0,0.007357633,False
982,7,0,0.013995648,False
982,8,0,0.0001478613,False
982,9,0,0.00017657634,False
982,10,0,0.00045857314,False
982,11,0,0.013099235,False
982,12,0,0.13853428,True
982,13,0,0.05439022,False
982,14,0,0.03207225,False
808,0,0,0.0017581182,False
808,1,0,0.4451572,True
808,2,0,0.021510033,False
808,3,1,0.32960498,True
808,4,0,0.006210121,False
808,5,0,0.27186194,True
808,6,0,0.00027467377,False
808,7,0,0.0037389603,False
808,8,0,0.010705579,False
808,9,0,0.036097124,False
808,10,0,0.057279155,False
808,11,0,0.039951257,False
808,12,0,0.0027401038,False
723,0,0,0.006170255,False
723,1,0,0.055099837,False
723,2,0,0.003396225,False
723,3,0,0.022104573,False
723,4,0,0.03861556,False
723,5,0,0.04645465,False
723,6,0,0.019581882,False
723,7,0,0.00539284,False
723,8,0,0.12689567,True
723,9,0,0.026712798,False
723,10,0,0.00025241647,False
723,11,0,0.072193705,False
723,12,0,0.03737987,False
723,13,1,0.47121927,True
723,14,0,9.128415e-05,False
723,15,0,0.0015124975,False
723,16,0,0.103806525,True
723,17,0,0.043700784,False
723,18,0,0.0001028994,False
723,19,0,0.020596134,False
509,0,0,0.09626085,True
509,1,1,0.8940884,True
509,2,0,0.0783977,False
509,3,0,0.008942804,False
509,4,0,0.0007359704,False
509,5,0,0.0058468967,False
509,6,0,0.0027006005,False
509,7,0,0.0066821575,False
509,8,0,0.0011717177,False
509,9,0,0.0071008042,False
509,10,0,0.0005585899,False
509,11,0,0.0005585899,False
509,12,0,0.007386602,False
509,13,0,0.0014842128,False
509,14,0,0.0012337092,False
509,15,0,0.0066533415,False
509,16,0,0.0003576166,False
509,17,0,0.00061057194,False
509,18,0,0.0055703633,False
509,19,0,0.00047974839,False
509,20,0,0.0005391771,False
509,21,0,0.008074833,False
509,22,0,0.0005820689,False
509,23,0,0.0006556898,False
509,24,0,0.0037607283,False
509,25,0,0.0006997595,False
509,26,0,0.0040371725,False
509,27,0,0.0026368692,False
1141,0,0,0.00035949273,False
1141,1,1,0.03297785,False
1141,2,0,0.052956056,False
1141,3,0,0.020262457,False
1141,4,0,0.004831182,False
1141,5,1,0.58027434,True
1141,6,0,0.0031975552,False
1141,7,0,0.28176206,True
1141,8,0,0.00038475177,False
1141,9,0,0.0015095292,False
1141,10,0,0.0013027969,False
1141,11,0,0.007929951,False
1141,12,0,0.016057706,False
1141,13,0,0.004404675,False
1141,14,0,0.0009885748,False
1141,15,0,0.022503158,False
1141,16,0,7.966898e-05,False
1141,17,0,0.019978913,False
400,0,0,0.002820945,False
400,1,0,0.0009944253,False
400,2,0,0.00020381353,False
400,3,0,6.499742e-05,False
400,4,0,0.0060318583,False
400,5,0,0.0004101039,False
400,6,0,0.0002655443,False
400,7,0,1.0609382e-05,False
400,8,0,0.02320338,False
400,9,0,0.00042486595,False
400,10,0,0.0013664054,False
400,11,0,0.0077398443,False
400,12,0,0.0008463483,False
400,13,1,0.6351885,True
400,14,0,0.000345925,False
400,15,0,0.00049954816,False
400,16,0,0.00027689873,False
400,17,0,0.6733866,True
400,18,0,5.5166634e-06,False
400,19,0,0.00056446245,False
400,20,0,0.0018747413,False
400,21,0,0.44596696,True
400,22,0,2.7153667e-06,False
400,23,0,0.0019645381,False
400,24,0,0.0052003856,False
400,25,0,0.0019488287,False
400,26,0,0.0017054132,False
400,27,0,0.0011145385,False
400,28,0,0.0016683708,False
400,29,0,0.000685333,False
400,30,0,4.4287954e-05,False
400,31,0,0.00040935611,False
939,0,0,0.0024829581,False
939,1,1,0.30943722,True
939,2,0,0.00073568046,False
939,3,0,0.01760369,False
939,4,0,0.06307275,False
939,5,0,6.71512e-05,False
939,6,0,0.0068610706,False
939,7,0,0.03322154,False
939,8,0,0.0124424435,False
939,9,0,0.050925758,False
939,10,0,0.15850092,True
939,11,0,0.045333836,False
939,12,0,0.005193779,False
939,13,0,0.010409331,False
939,14,0,0.0018042112,False
939,15,0,0.0013093144,False
939,16,0,0.0040633664,False
939,17,0,0.055954654,False
939,18,0,0.0015199127,False
939,19,0,0.0038830189,False
939,20,0,0.0015010071,False
939,21,0,0.0020226,False
5,0,0,0.011531187,False
5,1,1,0.59416336,True
5,2,0,0.012994967,False
5,3,0,0.02366315,False
5,4,0,0.062284235,False
5,5,0,0.08606862,True
5,6,0,0.081005335,True
5,7,0,0.0024388013,False
5,8,0,2.360976e-05,False
5,9,0,0.094343446,True
5,10,0,0.10580896,True
5,11,0,0.051331554,False
5,12,0,0.027181031,False
5,13,0,0.0129206795,False
5,14,0,0.00035158874,False
591,0,1,0.09397887,True
591,1,0,0.8795843,True
591,2,0,0.0008741378,False
591,3,0,0.005868214,False
591,4,0,0.0073305396,False
591,5,0,0.013981383,False
591,6,0,0.04991633,False
591,7,0,0.04844615,False
591,8,0,0.047159716,False
591,9,0,0.026859578,False
591,10,0,0.03211786,False
591,11,0,0.012426518,False
591,12,0,0.0065805134,False
591,13,1,0.12447563,True
608,0,0,0.12060135,True
608,1,1,0.6531674,True
608,2,0,0.028083194,False
608,3,0,0.009068333,False
608,4,0,0.060352255,False
608,5,0,0.047320355,False
608,6,0,0.058778785,False
608,7,0,0.09095197,True
608,8,0,0.07885523,True
608,9,0,0.10419741,True
608,10,0,0.059679713,False
608,11,0,0.016002141,False
306,0,0,0.16036448,True
306,1,0,0.07150414,False
306,2,0,0.1933827,True
306,3,0,0.11135768,True
306,4,0,0.009138664,False
306,5,0,0.005574145,False
306,6,0,0.07636775,False
306,7,0,0.046329275,False
306,8,0,0.054644395,False
306,9,0,0.047080625,False
306,10,1,0.4894994,True
523,0,0,0.15335067,True
523,1,1,0.72893715,True
523,2,0,0.00038740283,False
523,3,0,0.07338419,False
523,4,0,0.020572392,False
523,5,0,0.005645253,False
523,6,0,0.00334413,False
523,7,0,0.002732289,False
523,8,0,8.367347e-05,False
523,9,0,5.0311464e-05,False
523,10,0,0.0014864744,False
523,11,0,0.006172399,False
523,12,0,0.0059053777,False
523,13,0,0.002511639,False
523,14,0,0.08642061,True
523,15,0,0.00011489918,False
523,16,0,0.031191126,False
861,0,0,0.06505017,False
861,1,1,0.023435261,False
861,2,0,0.06690362,False
861,3,0,0.31761992,True
861,4,0,0.0060201054,False
861,5,0,0.031125082,False
861,6,0,0.0141709605,False
861,7,0,0.01671022,False
861,8,0,0.009493382,False
861,9,0,0.0043133725,False
861,10,0,9.641864e-05,False
861,11,0,0.0019276371,False
861,12,1,0.20225741,True
861,13,0,0.012689533,False
861,14,0,2.7190541e-05,False
861,15,0,0.0030833066,False
861,16,0,0.22536965,True
468,0,0,0.092439115,True
468,1,0,0.072236575,False
468,2,0,0.07052915,False
468,3,0,0.02880665,False
468,4,0,0.014739736,False
468,5,0,0.33609164,True
468,6,0,0.25133133,True
468,7,0,0.036837343,False
468,8,0,0.037722588,False
468,9,0,0.0047880705,False
468,10,1,0.19924161,True
468,11,0,0.20688038,True
468,12,0,0.023130806,False
1003,0,0,0.015457964,False
1003,1,0,0.37665072,True
1003,2,0,0.00014262905,False
1003,3,0,0.08919879,True
1003,4,0,0.0033907436,False
1003,5,0,0.0036019818,False
1003,6,0,0.00071618357,False
1003,7,0,0.0047645834,False
1003,8,0,0.011318581,False
1003,9,1,0.68150944,True
1003,10,0,0.0113619445,False
1003,11,0,5.2043062e-05,False
1003,12,0,0.0023540948,False
1003,13,0,0.0011861083,False
1003,14,0,0.002233424,False
1003,15,0,0.073203444,False
1003,16,0,6.633361e-05,False
1003,17,0,0.014370201,False
1003,18,0,0.012791345,False
1003,19,0,0.0021487991,False
967,0,0,0.0013155851,False
967,1,0,0.22322756,True
967,2,0,0.005471334,False
967,3,0,0.2274189,True
967,4,0,0.0011392083,False
967,5,0,0.0018530338,False
967,6,0,0.3014402,True
967,7,0,0.008869162,False
967,8,0,0.2543667,True
967,9,0,0.0011694941,False
967,10,0,0.27088886,True
967,11,0,0.014520171,False
967,12,1,0.30695754,True
967,13,0,0.0039266674,False
131,0,0,0.091716334,True
131,1,0,0.04660326,False
131,2,0,0.02044899,False
131,3,0,0.0025563037,False
131,4,0,0.010155801,False
131,5,0,0.40391925,True
131,6,0,0.0034506808,False
131,7,1,0.6072314,True
131,8,1,0.90096796,True
131,9,0,0.0048241466,False
131,10,0,0.011934833,False
330,0,0,0.35837862,True
330,1,0,0.01388933,False
330,2,0,0.029846504,False
330,3,0,0.042868443,False
330,4,0,0.03715799,False
330,5,0,0.02995701,False
330,6,0,0.025474213,False
330,7,0,0.005327425,False
330,8,0,0.0029141202,False
330,9,0,0.23969322,True
330,10,0,0.12654682,True
330,11,0,0.07879776,False
330,12,1,0.3008971,True
330,13,0,0.114720434,True
218,0,0,7.98229e-05,False
218,1,0,0.0013174,False
218,2,0,0.0008823398,False
218,3,0,0.00418822,False
218,4,0,0.0018335119,False
218,5,0,0.0003475293,False
218,6,0,0.0023710534,False
218,7,0,0.0008834974,False
218,8,0,0.0009376652,False
218,9,0,0.00017629977,False
218,10,0,0.063487835,False
218,11,0,0.00064615405,False
218,12,0,0.009014841,False
218,13,0,0.07289054,False
218,14,0,0.057714507,False
218,15,1,0.6182059,True
218,16,0,4.4077664e-05,False
218,17,0,0.08429824,True
218,18,0,0.009483317,False
218,19,0,0.0064907107,False
218,20,0,0.014470642,False
218,21,0,0.007994942,False
218,22,0,0.013953133,False
86,0,0,0.0014085524,False
86,1,0,0.48201627,True
86,2,0,0.007598207,False
86,3,0,0.0025963257,False
86,4,0,0.42433915,True
86,5,0,6.76628e-05,False
86,6,0,0.011248204,False
86,7,0,0.0036893145,False
86,8,0,0.013449592,False
86,9,0,0.017340424,False
86,10,0,0.009125241,False
86,11,1,0.21303761,True
86,12,0,0.0008304763,False
86,13,0,0.00014113856,False
86,14,0,0.009803803,False
267,0,1,0.7173459,True
267,1,0,0.05975241,False
267,2,0,0.18585666,True
267,3,0,0.0076682256,False
267,4,0,0.0464397,False
267,5,0,0.0040234905,False
267,6,0,0.020444263,False
267,7,0,0.030144935,False
267,8,0,0.0018602349,False
267,9,0,1.0060269e-05,False
267,10,0,0.03373702,False
267,11,0,0.02075261,False
352,0,0,0.0027188396,False
352,1,0,0.0006592938,False
352,2,0,0.00031629816,False
352,3,0,0.002079932,False
352,4,0,0.00095733267,False
352,5,0,0.00011122028,False
352,6,0,0.00033438217,False
352,7,0,0.00032004123,False
352,8,0,0.0005496641,False
352,9,0,2.350478e-05,False
352,10,0,0.03220557,False
352,11,0,0.0005922985,False
352,12,0,0.0027484337,False
352,13,0,0.04884862,False
352,14,0,0.000622688,False
352,15,1,0.57083,True
352,16,0,5.2964924e-06,False
352,17,0,0.0018217666,False
352,18,0,0.0025478895,False
352,19,0,0.39079556,True
352,20,0,1.8266654e-06,False
352,21,0,0.0013957396,False
352,22,0,0.00063220016,False
352,23,0,0.003351755,False
352,24,0,0.0033991795,False
352,25,0,0.00079336576,False
352,26,0,0.0028971487,False
720,0,0,8.917643e-06,False
720,1,0,0.00097432977,False
720,2,0,0.0019228735,False
720,3,0,0.00065431144,False
720,4,0,6.4452984e-06,False
720,5,0,2.171866e-05,False
720,6,0,0.07802127,False
720,7,0,0.00030494746,False
720,8,0,0.0031431348,False
720,9,0,0.016587382,False
720,10,0,0.00022540214,False
720,11,1,0.7698205,True
720,12,0,3.8070941e-06,False
720,13,0,0.0018251507,False
720,14,0,0.00068742875,False
720,15,0,0.012607735,False
720,16,0,0.009414163,False
720,17,0,0.007851765,False
720,18,0,0.012332511,False
720,19,0,0.0005188991,False
720,20,0,0.0004220488,False
720,21,0,0.014498972,False
720,22,0,0.08916356,True
720,23,0,0.00018085072,False
907,0,1,0.3255151,True
907,1,0,0.039859537,False
907,2,0,0.15118186,True
907,3,0,0.0040420643,False
907,4,0,0.014831245,False
907,5,0,0.0018667962,False
907,6,0,0.007316206,False
907,7,0,0.0640589,False
907,8,0,0.082983345,True
907,9,0,0.057855055,False
907,10,0,0.025550274,False
907,11,0,0.031701233,False
907,12,1,0.34310168,True
781,0,0,0.2545704,True
781,1,0,0.00804617,False
781,2,0,0.03261898,False
781,3,0,0.004630984,False
781,4,0,0.0016449554,False
781,5,0,0.054862063,False
781,6,1,0.69775367,True
781,7,0,0.00095073855,False
781,8,0,0.00475148,False
781,9,0,0.008143752,False
781,10,0,0.009337311,False
781,11,0,0.32429147,True
781,12,0,0.009936418,False
781,13,0,0.009578416,False
781,14,0,0.26966977,True
56,0,1,0.32972127,True
56,1,0,0.06260091,False
56,2,0,0.013264417,False
56,3,0,0.045106933,False
56,4,0,0.3138231,True
56,5,0,0.0166886,False
56,6,0,7.72782e-05,False
56,7,0,0.00013826517,False
56,8,0,0.003747184,False
56,9,0,0.015089138,False
56,10,0,0.028781215,False
56,11,0,0.015799465,False
56,12,0,0.13127157,True
56,13,0,0.020836925,False
56,14,0,0.0074776644,False
56,15,0,0.030092902,False
56,16,0,0.06759482,False
944,0,0,0.006093269,False
944,1,0,0.228402,True
944,2,0,0.0020605354,False
944,3,0,0.002047177,False
944,4,0,0.0023657605,False
944,5,0,0.004782379,False
944,6,1,0.19790718,True
944,7,0,0.17778122,True
944,8,0,0.052203327,False
944,9,0,0.27461207,True
944,10,0,0.20919715,True
944,11,0,0.06443383,False
944,12,0,0.0073615904,False
944,13,0,0.009119296,False
944,14,0,0.0015119293,False
944,15,0,0.024227278,False
944,16,0,0.00151032,False
944,17,0,3.638883e-05,False
734,0,0,0.0043671415,False
734,1,0,0.32675081,True
734,2,0,0.06465099,False
734,3,1,0.039871298,False
734,4,0,0.0042717825,False
734,5,0,0.011285316,False
734,6,0,0.011543749,False
734,7,0,0.024944104,False
734,8,0,0.058851168,False
734,9,1,0.114541136,True
734,10,0,0.16240916,True
734,11,0,0.12579396,True
734,12,0,0.02231976,False
386,0,0,0.0012965495,False
386,1,0,0.046043336,False
386,2,0,0.005743277,False
386,3,0,0.0014429346,False
386,4,0,0.0072040255,False
386,5,0,0.010562941,False
386,6,0,0.014485685,False
386,7,0,0.4227119,True
386,8,0,0.015816491,False
386,9,0,0.4675046,True
386,10,0,0.007591863,False
386,11,0,0.06480559,False
386,12,1,0.27543607,True
386,13,0,0.4838371,True
572,0,0,0.00037124916,False
572,1,1,0.981723,True
572,2,0,0.028275039,False
572,3,0,0.008454588,False
572,4,0,0.009257445,False
572,5,0,0.003922276,False
572,6,0,0.00907429,False
572,7,0,0.017589148,False
572,8,0,0.05170946,False
572,9,0,0.050388347,False
572,10,0,0.03309507,False
572,11,0,0.022590538,False
828,0,0,0.011005362,False
828,1,0,0.31623572,True
828,2,0,0.04819769,False
828,3,1,0.18316053,True
828,4,0,0.0053622555,False
828,5,0,0.0024918295,False
828,6,0,0.006432234,False
828,7,0,0.042204794,False
828,8,0,0.07128097,False
828,9,0,0.06872108,False
828,10,0,0.0027981421,False
828,11,0,0.7749078,True
828,12,0,0.009402458,False
828,13,0,0.10569914,True
828,14,0,0.031790104,False
725,0,0,0.121192,True
725,1,0,0.052428536,False
725,2,0,0.014879032,False
725,3,0,0.051411405,False
725,4,0,0.016506016,False
725,5,1,0.3248193,True
725,6,0,0.0015719576,False
725,7,0,0.010949281,False
725,8,0,0.005258492,False
725,9,0,0.003012488,False
725,10,0,0.0047043385,False
725,11,0,0.0491835,False
725,12,0,0.0027415454,False
725,13,0,0.0004027975,False
725,14,0,4.2685508e-05,False
725,15,0,0.007050299,False
725,16,0,0.0030033763,False
725,17,0,0.094130546,True
725,18,0,0.12404445,True
725,19,0,0.14825447,True
725,20,0,0.21325243,True
758,0,0,0.0052358336,False
758,1,1,0.7172982,True
758,2,0,0.025327036,False
758,3,0,0.3176953,True
758,4,0,0.0003044002,False
758,5,0,0.024743825,False
758,6,0,0.010780076,False
758,7,0,0.018572543,False
758,8,0,0.006570098,False
758,9,0,0.012907727,False
758,10,0,0.021315211,False
758,11,0,0.006202077,False
758,12,0,0.007995726,False
819,0,0,0.06798807,False
819,1,1,0.013732198,False
819,2,1,0.44897282,True
819,3,0,0.0027850827,False
819,4,0,0.0155747775,False
819,5,0,0.037754286,False
819,6,0,0.012811393,False
819,7,0,0.012625442,False
819,8,0,0.032155443,False
819,9,0,0.31907716,True
819,10,0,0.01574426,False
819,11,0,0.014511692,False
819,12,0,0.013752433,False
819,13,0,0.01779506,False
1194,0,0,0.005977142,False
1194,1,0,0.0034853148,False
1194,2,0,0.0007893209,False
1194,3,0,0.0033135768,False
1194,4,0,0.003338647,False
1194,5,1,0.18252638,True
1194,6,0,0.0001069571,False
1194,7,0,0.09373085,True
1194,8,0,0.16294199,True
1194,9,0,0.0004697559,False
1194,10,0,0.0069456208,False
1194,11,0,0.54710734,True
1194,12,0,0.00035800174,False
1194,13,0,0.0005995839,False
1194,14,0,0.073841795,False
1194,15,0,0.055743273,False
1194,16,0,0.013388936,False
1194,17,0,0.062274918,False
1194,18,0,0.00038036957,False
1194,19,0,0.0039660167,False
1194,20,0,0.033814695,False
870,0,0,0.0029778953,False
870,1,0,0.000654667,False
870,2,0,0.0003507394,False
870,3,0,0.0007448519,False
870,4,0,0.00059841125,False
870,5,0,0.0018436656,False
870,6,0,0.018880341,False
870,7,0,0.0005307404,False
870,8,0,0.12251875,True
870,9,0,0.0019496008,False
870,10,0,0.020680925,False
870,11,0,0.41447616,True
870,12,0,0.0056479466,False
870,13,1,0.6914326,True
870,14,0,0.00010968258,False
870,15,0,0.020273676,False
870,16,0,0.0029753097,False
870,17,0,0.01772341,False
870,18,0,0.008515852,False
870,19,0,0.0009291309,False
870,20,0,0.00015752591,False
870,21,0,0.0001755908,False
501,0,0,0.0006079137,False
501,1,1,0.5330763,True
501,2,0,0.26942623,True
501,3,0,0.04314611,False
501,4,0,0.0019218414,False
501,5,0,0.004546992,False
501,6,0,0.00040271514,False
501,7,0,0.00019747422,False
501,8,0,0.0048382804,False
501,9,0,0.00016719537,False
501,10,0,0.00028299724,False
501,11,0,0.0021908067,False
501,12,0,0.00018545972,False
501,13,0,0.00030557782,False
501,14,0,0.002344409,False
501,15,0,0.00019429112,False
501,16,0,0.00019429112,False
501,17,0,0.006221057,False
501,18,0,0.00033803578,False
501,19,0,0.00039382404,False
501,20,0,0.007796839,False
501,21,0,0.0004024089,False
501,22,0,0.00049816107,False
501,23,0,0.0053527015,False
501,24,0,0.00021641524,False
501,25,0,0.0005907566,False
501,26,0,0.003285846,False
659,0,0,0.24442126,True
659,1,0,0.08426902,True
659,2,0,0.042591807,False
659,3,0,0.0091383355,False
659,4,0,0.0059448723,False
659,5,0,0.013765276,False
659,6,0,0.052712403,False
659,7,0,0.014748465,False
659,8,0,0.004599486,False
659,9,0,0.046697505,False
659,10,0,3.3687556e-05,False
659,11,0,0.049238663,False
659,12,1,0.798679,True
659,13,1,0.18934116,True
659,14,0,0.0072348495,False
1150,0,1,0.25761265,True
1150,1,0,0.0154292025,False
1150,2,0,0.010494874,False
1150,3,0,0.03215096,False
1150,4,0,0.031246059,False
1150,5,0,0.03659062,False
1150,6,0,0.025717756,False
1150,7,1,0.33002073,True
1150,8,0,0.017272182,False
1150,9,0,0.020563452,False
1150,10,0,0.012659179,False
1150,11,0,0.02307901,False
1150,12,0,0.07886576,True
1150,13,0,0.009791321,False
1150,14,0,0.18378972,True
1150,15,0,0.028930198,False
1150,16,0,0.018654473,False
99,0,0,0.62845266,True
99,1,0,0.019181412,False
99,2,0,0.050336685,False
99,3,0,6.798502e-05,False
99,4,0,0.061871007,False
99,5,0,0.16713789,True
99,6,1,0.29481378,True
99,7,0,0.107013755,True
99,8,0,0.00297963,False
99,9,0,0.0033538837,False
99,10,0,0.039407697,False
99,11,0,0.024105659,False
99,12,0,0.014727922,False
99,13,0,0.012320528,False
1071,0,1,0.14088017,True
1071,1,0,0.06667173,False
1071,2,0,0.07292332,False
1071,3,0,0.031736795,False
1071,4,0,0.055117104,False
1071,5,0,0.02085415,False
1071,6,0,0.035546917,False
1071,7,0,0.060965423,False
1071,8,0,0.09602278,True
1071,9,0,0.079081826,True
1071,10,0,0.04352628,False
1071,11,0,0.061879486,False
1071,12,0,0.06525526,False
324,0,0,0.038127694,False
324,1,0,0.023091512,False
324,2,0,0.04502151,False
324,3,1,0.7624646,True
324,4,0,0.00028763484,False
324,5,0,0.04683078,False
324,6,0,0.025974512,False
324,7,0,0.27148557,True
324,8,0,0.06283343,False
324,9,0,0.027637057,False
324,10,0,0.08376166,True
324,11,0,0.067624696,False
817,0,0,0.002758104,False
817,1,0,0.21925347,True
817,2,0,0.08568246,True
817,3,1,0.16129532,True
817,4,0,0.00029094674,False
817,5,0,0.0018652537,False
817,6,0,0.002943196,False
817,7,0,0.056868162,False
817,8,0,0.0771729,False
817,9,0,0.08145646,True
817,10,0,0.0074448516,False
817,11,0,0.6434691,True
817,12,0,0.0031681722,False
817,13,0,0.009272892,False
802,0,1,0.56518304,True
802,1,0,0.019267438,False
802,2,0,0.004480113,False
802,3,0,0.0029130257,False
802,4,0,0.01894632,False
802,5,0,0.008358976,False
802,6,0,0.0026142113,False
802,7,0,0.0031850003,False
802,8,0,0.007982276,False
802,9,0,0.01381527,False
802,10,0,0.0010708235,False
802,11,1,0.21017615,True
802,12,0,0.020036934,False
802,13,0,0.03143352,False
802,14,0,0.16022122,True
802,15,0,0.11909416,True
802,16,0,0.06416845,False
802,17,0,0.065322496,False
802,18,0,0.05696263,False
802,19,0,0.06444721,False
655,0,1,0.5721055,True
655,1,0,0.021998474,False
655,2,0,0.16138135,True
655,3,0,0.00016284785,False
655,4,0,0.001915239,False
655,5,0,0.0018257466,False
655,6,0,0.030552313,False
655,7,0,0.0011105536,False
655,8,0,0.01254557,False
655,9,0,0.03103682,False
655,10,0,0.000782988,False
655,11,0,0.08467398,True
655,12,0,0.014084668,False
655,13,0,0.0079969885,False
147,0,0,0.020333383,False
147,1,0,0.004381775,False
147,2,0,0.0037555671,False
147,3,0,0.03677988,False
147,4,0,0.020728469,False
147,5,0,0.022698179,False
147,6,0,0.0053615184,False
147,7,0,0.02037404,False
147,8,0,0.41343918,True
147,9,0,0.51943684,True
147,10,1,0.7333975,True
147,11,1,0.94925326,True
927,0,0,0.16128592,True
927,1,0,0.01203149,False
927,2,0,0.012349819,False
927,3,0,0.075063445,False
927,4,0,0.018322429,False
927,5,0,0.013632301,False
927,6,0,0.10991616,True
927,7,0,0.019002793,False
927,8,0,0.0028759663,False
927,9,0,0.26402995,True
927,10,0,0.2810307,True
927,11,0,0.008588169,False
927,12,0,0.12224987,True
927,13,1,0.59295195,True
190,0,0,0.21961565,True
190,1,0,0.014326999,False
190,2,0,0.017853796,False
190,3,0,0.008772339,False
190,4,0,0.00047831732,False
190,5,0,0.07159933,False
190,6,0,0.04754231,False
190,7,0,0.011818014,False
190,8,0,0.048420556,False
190,9,0,0.29908082,True
190,10,0,0.050327897,False
190,11,1,0.28437883,True
190,12,0,0.332803,True
158,0,0,0.053796235,False
158,1,0,0.092504226,True
158,2,0,0.18596521,True
158,3,1,0.053787146,False
158,4,0,0.006759028,False
158,5,0,0.014122333,False
158,6,0,0.027267177,False
158,7,0,0.02923984,False
158,8,0,0.3017631,True
158,9,0,0.022182977,False
158,10,0,0.023696762,False
158,11,0,0.34605753,True
158,12,0,0.012904373,False
421,0,0,0.2576078,True
421,1,1,0.06934843,False
421,2,0,0.5173241,True
421,3,0,0.10094256,True
421,4,1,0.16150814,True
421,5,0,0.06597963,False
421,6,0,0.040688384,False
421,7,0,0.034232005,False
421,8,0,0.0157535,False
421,9,0,0.08741884,True
421,10,0,0.31690198,True
421,11,0,0.00043137834,False
621,0,1,0.39855975,True
621,1,0,0.03223046,False
621,2,0,0.11047029,True
621,3,0,0.058518987,False
621,4,0,0.00015644635,False
621,5,0,0.04335396,False
621,6,0,0.077279866,False
621,7,0,0.014600761,False
621,8,0,0.19693221,True
621,9,0,0.00017485951,False
621,10,0,0.049449697,False
621,11,0,0.011218073,False
621,12,0,0.03230331,False
621,13,0,0.037487775,False
621,14,0,0.019607697,False
621,15,0,0.38389254,True
621,16,0,0.0012598556,False
621,17,0,0.00028740702,False
621,18,0,0.016952707,False
67,0,0,0.015402082,False
67,1,1,0.10440621,True
67,2,0,0.018794116,False
67,3,0,0.008009387,False
67,4,0,0.016924208,False
67,5,0,0.032669123,False
67,6,0,0.012942908,False
67,7,0,0.012209409,False
67,8,0,0.009612856,False
67,9,0,0.49321637,True
67,10,0,0.09791429,True
67,11,0,0.3320926,True
67,12,0,0.17370653,True
67,13,0,0.2486836,True
520,0,0,0.0010419625,False
520,1,1,0.64516,True
520,2,0,0.2095258,True
520,3,0,0.0074284393,False
520,4,0,0.06714558,False
520,5,0,0.03618713,False
520,6,0,0.090550065,True
520,7,0,0.01395094,False
520,8,0,0.031211847,False
520,9,0,0.055351276,False
520,10,0,0.032293472,False
520,11,0,0.0001572111,False
520,12,0,6.216487e-06,False
520,13,0,0.03443722,False
520,14,0,9.918715e-05,False
520,15,0,1.0357444e-05,False
980,0,0,5.1526855e-05,False
980,1,0,0.004476467,False
980,2,0,0.024791716,False
980,3,0,0.011884902,False
980,4,0,0.0004017167,False
980,5,0,9.52852e-06,False
980,6,0,0.03189293,False
980,7,0,0.00035114857,False
980,8,0,0.005795975,False
980,9,1,0.59876895,True
980,10,0,0.042548805,False
980,11,0,0.01193544,False
980,12,0,0.12189857,True
980,13,0,0.0032169123,False
980,14,0,0.042187847,False
980,15,0,0.07949814,True
980,16,0,0.022085678,False
1050,0,0,0.18918252,True
1050,1,1,0.052127883,False
1050,2,0,0.037803754,False
1050,3,0,0.0632853,False
1050,4,0,0.053868074,False
1050,5,0,0.066664286,False
1050,6,0,0.045509286,False
1050,7,0,0.037904564,False
1050,8,0,0.070235826,False
1050,9,0,0.18769926,True
1050,10,0,0.07832845,False
1050,11,0,0.46106604,True
1050,12,0,0.05757819,False
1050,13,0,0.043989364,False
1050,14,0,0.032682862,False
92,0,0,0.0070164115,False
92,1,0,0.005640317,False
92,2,0,0.00074661715,False
92,3,0,8.59195e-05,False
92,4,0,6.9553416e-06,False
92,5,0,0.0024699995,False
92,6,0,0.0058089723,False
92,7,0,0.0013485799,False
92,8,0,0.022924751,False
92,9,0,0.0073644104,False
92,10,0,0.0007158052,False
92,11,1,0.5161505,True
92,12,0,0.01185973,False
92,13,0,0.03830316,False
92,14,0,0.081229426,True
92,15,0,0.07140028,False
92,16,0,0.09911336,True
92,17,0,0.097771816,True
92,18,0,0.07977077,True
92,19,0,0.07679798,False
1017,0,1,0.15970899,True
1017,1,0,0.5660115,True
1017,2,0,0.036865648,False
1017,3,0,0.055318017,False
1017,4,0,0.06580547,False
1017,5,0,0.13500692,True
1017,6,0,0.020552736,False
1017,7,0,0.012598027,False
1017,8,0,0.009189143,False
1017,9,0,0.0005957261,False
1017,10,0,0.00019454138,False
1017,11,0,0.00019367042,False
1017,12,0,0.026586087,False
1017,13,0,0.08369644,True
1017,14,0,0.0449407,False
1017,15,0,0.032260988,False
245,0,0,0.030894568,False
245,1,0,0.08654894,True
245,2,0,0.00015294412,False
245,3,0,0.004277256,False
245,4,0,0.60343695,True
245,5,0,0.016732657,False
245,6,1,0.08637612,True
245,7,0,0.005928992,False
245,8,0,0.013118407,False
245,9,0,0.059805866,False
245,10,0,0.17505834,True
245,11,0,0.07320206,False
245,12,0,0.013611434,False
1142,0,0,0.0010125064,False
1142,1,0,0.009176535,False
1142,2,0,0.015777526,False
1142,3,0,0.6773931,True
1142,4,0,1.642668e-05,False
1142,5,0,0.0061369026,False
1142,6,1,0.17867164,True
1142,7,0,5.5424356e-05,False
1142,8,0,0.04222208,False
1142,9,0,0.005904899,False
1142,10,0,0.0035484217,False
1142,11,0,0.0006253205,False
1142,12,0,0.0035368204,False
1142,13,0,0.02336085,False
1142,14,0,0.00039978742,False
1142,15,0,4.995944e-05,False
1142,16,0,0.0020742144,False
1142,17,0,0.04110469,False
1142,18,0,0.017436758,False
1142,19,0,0.14131522,True
1142,20,0,0.023548288,False
676,0,0,0.20459338,True
676,1,0,0.044225194,False
676,2,0,0.009795672,False
676,3,0,0.020823536,False
676,4,0,0.01832158,False
676,5,0,0.5101808,True
676,6,0,0.026035964,False
676,7,0,0.06121736,False
676,8,1,0.017257353,False
676,9,0,0.12897757,True
676,10,0,0.05599418,False
676,11,0,0.037837252,False
676,12,0,0.0033830146,False
676,13,0,0.015392317,False
676,14,0,0.24242279,True
676,15,0,0.059758477,False
18,0,0,0.18914583,True
18,1,0,0.14322825,True
18,2,0,0.0139518,False
18,3,0,0.017181,False
18,4,0,0.030473052,False
18,5,0,0.032890562,False
18,6,0,0.0064810133,False
18,7,0,0.006380363,False
18,8,0,0.7117632,True
18,9,1,0.9265608,True
18,10,1,0.8761266,True
4,0,0,0.02368939,False
4,1,0,0.34189597,True
4,2,0,0.0002931198,False
4,3,0,0.06271635,False
4,4,0,0.00945109,False
4,5,0,0.021038296,False
4,6,0,0.0037481866,False
4,7,0,0.0047713807,False
4,8,0,0.0046015475,False
4,9,0,0.0022529038,False
4,10,0,0.00013447655,False
4,11,0,6.269603e-05,False
4,12,0,0.011339122,False
4,13,1,0.504728,True
4,14,1,0.11563744,True
4,15,0,0.00487941,False
818,0,0,0.001121514,False
818,1,1,0.21451701,True
818,2,0,0.029042244,False
818,3,0,0.13882011,True
818,4,0,0.009651183,False
818,5,0,0.23819031,True
818,6,0,0.0006350865,False
818,7,0,0.006264192,False
818,8,0,0.0085782595,False
818,9,0,0.010730024,False
818,10,0,0.016435808,False
818,11,0,0.29204497,True
818,12,0,0.011742856,False
818,13,0,0.0116082225,False
990,0,0,0.0042154077,False
990,1,0,0.0022215385,False
990,2,0,0.0021249014,False
990,3,0,0.009487712,False
990,4,0,0.35532373,True
990,5,0,0.014498681,False
990,6,1,0.017979432,False
990,7,0,0.004099803,False
990,8,0,0.0059275697,False
990,9,0,0.0021765023,False
990,10,0,0.24119584,True
990,11,0,8.935794e-05,False
990,12,0,0.02074801,False
990,13,0,0.0757039,False
990,14,0,0.02981693,False
990,15,0,0.019050462,False
990,16,0,0.018776175,False
990,17,0,0.0023070606,False
177,0,0,0.0281343,False
177,1,1,0.2940219,True
177,2,0,0.00027082884,False
177,3,0,0.0017268248,False
177,4,0,0.73644227,True
177,5,0,0.006781975,False
177,6,0,0.0022821636,False
177,7,0,0.0031375727,False
177,8,0,0.008635731,False
177,9,0,0.009713747,False
177,10,0,0.22153689,True
177,11,0,0.024814604,False
177,12,0,0.034606002,False
177,13,0,0.005899802,False
658,0,0,0.29829326,True
658,1,0,0.01616344,False
658,2,0,0.018998146,False
658,3,0,0.011265766,False
658,4,0,0.0001939391,False
658,5,0,0.026090452,False
658,6,0,0.059899695,False
658,7,0,0.090586595,True
658,8,0,0.05923254,False
658,9,1,0.08628857,True
658,10,0,0.07762911,False
658,11,0,0.08615504,True
658,12,0,0.014911448,False
658,13,1,0.19072255,True
256,0,0,0.03268943,False
256,1,0,0.19705166,True
256,2,0,0.01303731,False
256,3,0,0.006059949,False
256,4,0,0.5538286,True
256,5,0,0.041695584,False
256,6,1,0.4818385,True
256,7,0,0.062167656,False
256,8,0,0.006219928,False
256,9,0,0.02604809,False
256,10,0,0.031609796,False
256,11,0,0.03913947,False
256,12,0,0.039562445,False
256,13,0,0.023837935,False
405,0,0,0.0042727315,False
405,1,1,0.4183836,True
405,2,0,0.030050768,False
405,3,0,0.12547754,True
405,4,0,0.00022852432,False
405,5,0,0.0557056,False
405,6,0,0.06722812,False
405,7,0,0.016032036,False
405,8,0,0.05594744,False
405,9,0,0.060355492,False
405,10,0,0.019976866,False
405,11,0,0.0063669514,False
405,12,0,0.0131611265,False
405,13,0,0.0012296007,False
405,14,0,0.00058141217,False
405,15,0,0.0016949162,False
405,16,0,0.0055318745,False
405,17,0,0.00072151504,False
405,18,0,0.0029800748,False
405,19,0,0.0012167252,False
405,20,0,0.0019300284,False
1211,0,1,0.081822254,True
1211,1,0,0.053062793,False
1211,2,0,0.011178726,False
1211,3,1,0.79947263,True
1211,4,0,0.013583811,False
1211,5,0,0.2710141,True
1211,6,0,0.00044221632,False
1211,7,0,0.0052341647,False
1211,8,0,0.003642533,False
1211,9,0,0.063797936,False
1211,10,0,0.06771647,False
1211,11,0,0.00310446,False
1211,12,0,0.0016122352,False
1211,13,0,0.059431132,False
1211,14,0,0.00018850587,False
1211,15,0,0.042822685,False
1195,0,0,0.00218794,False
1195,1,1,0.46627375,True
1195,2,0,4.6104262e-05,False
1195,3,0,0.0018187213,False
1195,4,0,0.24853164,True
1195,5,0,0.009560167,False
1195,6,0,0.00719759,False
1195,7,0,0.009828659,False
1195,8,0,0.03692364,False
1195,9,0,6.579967e-05,False
1195,10,0,0.0003731526,False
1195,11,0,0.00087350165,False
1195,12,0,0.01361445,False
1195,13,0,0.0011935754,False
1195,14,0,4.1451804e-05,False
1195,15,0,0.0010996625,False
1195,16,0,0.0026986278,False
1195,17,0,3.5480105e-06,False
1195,18,0,0.0025493999,False
1093,0,0,0.0018262229,False
1093,1,1,0.44811735,True
1093,2,0,0.066602245,False
1093,3,0,0.10086362,True
1093,4,0,0.0061592357,False
1093,5,0,0.016869538,False
1093,6,0,0.030516649,False
1093,7,0,0.06907821,False
1093,8,0,0.009279036,False
1093,9,0,0.004935249,False
1093,10,0,0.04251109,False
1093,11,0,0.022946186,False
1093,12,0,0.07733873,False
1093,13,0,0.016991273,False
1093,14,0,0.050121162,False
285,0,0,0.09299182,True
285,1,0,0.0021369276,False
285,2,0,0.0033875785,False
285,3,0,0.00040113446,False
285,4,1,0.4508963,True
285,5,0,0.039348766,False
285,6,0,0.24097985,True
285,7,0,0.2862152,True
285,8,0,0.051991295,False
285,9,0,0.16210508,True
285,10,0,0.17128772,True
285,11,0,0.019438451,False
285,12,0,0.0016229848,False
285,13,0,4.560358e-05,False
285,14,0,0.0032161511,False
285,15,0,0.0018550141,False
285,16,0,9.132899e-05,False
1027,0,0,0.013347867,False
1027,1,0,0.0029686647,False
1027,2,0,0.0012427784,False
1027,3,0,0.004873861,False
1027,4,0,0.0034050227,False
1027,5,0,0.0047681844,False
1027,6,0,0.0041758143,False
1027,7,0,0.006635324,False
1027,8,0,0.021701736,False
1027,9,0,0.000686525,False
1027,10,1,0.021410428,False
1027,11,0,0.0011591507,False
1027,12,0,0.00054848834,False
1027,13,0,0.042597923,False
1027,14,0,0.045478053,False
1027,15,0,0.02010612,False
1027,16,0,0.009548129,False
1027,17,0,0.91834134,True
1027,18,0,0.0075886017,False
1027,19,0,0.31172904,True
766,0,0,0.018272163,False
766,1,0,0.040216155,False
766,2,0,0.004679288,False
766,3,1,0.70577234,True
766,4,0,0.002323649,False
766,5,0,0.1458567,True
766,6,0,0.0323648,False
766,7,0,0.0028875456,False
766,8,0,0.0034181233,False
766,9,0,0.017968565,False
766,10,0,0.019030815,False
766,11,1,0.26410976,True
766,12,0,0.020442095,False
766,13,0,0.0062440103,False
1054,0,0,0.013463607,False
1054,1,1,0.90598243,True
1054,2,0,0.00011610873,False
1054,3,0,0.029672706,False
1054,4,0,0.013281285,False
1054,5,0,0.016931454,False
1054,6,0,0.011867606,False
1054,7,0,0.0063416674,False
1054,8,0,0.0037406054,False
1054,9,0,0.045829404,False
1054,10,0,0.0039961613,False
1054,11,0,0.0056893695,False
1054,12,0,5.7927416e-05,False
1054,13,0,0.02068631,False
1054,14,0,0.010351633,False
1054,15,0,0.014910516,False
641,0,0,0.47477415,True
641,1,0,0.04482499,False
641,2,0,0.02910939,False
641,3,0,0.0051918793,False
641,4,1,0.41690636,True
641,5,0,0.23790553,True
641,6,0,0.0007226982,False
641,7,0,7.248139e-05,False
641,8,0,0.008363424,False
641,9,0,0.030656124,False
641,10,0,0.027536655,False
641,11,0,0.043634392,False
641,12,0,0.0361899,False
641,13,0,0.03649764,False
641,14,0,0.030141857,False
854,0,0,0.12979506,True
854,1,0,0.0082569225,False
854,2,0,0.42787486,True
854,3,0,0.00011222779,False
854,4,0,0.006903593,False
854,5,0,0.023343684,False
854,6,0,0.00944015,False
854,7,0,0.0068158573,False
854,8,0,0.0040982026,False
854,9,0,0.009345156,False
854,10,1,0.30400738,True
854,11,0,0.28472692,True
854,12,0,0.004922786,False
854,13,0,0.033299595,False
854,14,0,0.004734434,False
372,0,0,0.1053549,True
372,1,0,0.17475674,True
372,2,0,0.16222501,True
372,3,0,0.057598263,False
372,4,0,0.05571819,False
372,5,0,0.07726489,False
372,6,0,0.17911635,True
372,7,0,0.12807909,True
372,8,0,0.041969262,False
372,9,0,0.010854427,False
372,10,0,0.48126766,True
372,11,1,0.08449792,True
124,0,1,0.47038335,True
124,1,0,0.049226142,False
124,2,0,0.020656982,False
124,3,0,0.024668034,False
124,4,0,0.013341728,False
124,5,0,0.009798628,False
124,6,0,0.025397824,False
124,7,0,0.016513605,False
124,8,0,0.010307372,False
124,9,0,0.0121863065,False
124,10,0,0.030051388,False
559,0,0,0.00029711085,False
559,1,0,0.2842331,True
559,2,0,0.1231337,True
559,3,0,0.056163047,False
559,4,1,0.06480271,False
559,5,0,0.61141145,True
559,6,0,0.00016687602,False
559,7,0,0.02330751,False
559,8,0,0.0034068143,False
559,9,0,0.010310115,False
559,10,0,0.00025732472,False
559,11,0,0.0042927936,False
559,12,1,0.01165785,False
559,13,0,0.00017472784,False
559,14,0,2.7012622e-05,False
559,15,0,0.008911527,False
280,0,0,0.12155252,True
280,1,1,0.6903604,True
280,2,0,0.09025583,True
280,3,0,0.26323855,True
280,4,0,0.05307191,False
280,5,0,0.025351498,False
280,6,0,0.0334041,False
280,7,0,0.0023566633,False
280,8,0,0.012969123,False
280,9,0,0.07643245,False
280,10,0,0.019706754,False
280,11,0,0.017086046,False
280,12,0,0.0070690983,False
680,0,0,0.01195441,False
680,1,0,0.042138085,False
680,2,0,0.89008045,True
680,3,0,0.0010812316,False
680,4,0,0.04492669,False
680,5,0,0.0046854634,False
680,6,0,0.0135202,False
680,7,0,0.0034961945,False
680,8,0,0.0054775416,False
680,9,0,0.0033653262,False
680,10,0,0.0052797906,False
680,11,1,0.28707507,True
680,12,0,0.06379358,False
680,13,1,0.23775563,True
875,0,0,0.27460086,True
875,1,0,0.019667417,False
875,2,0,0.015258534,False
875,3,0,0.0099463025,False
875,4,0,0.17480467,True
875,5,0,0.10791883,True
875,6,0,0.05624001,False
875,7,0,0.11645848,True
875,8,0,0.033243116,False
875,9,0,0.052600898,False
875,10,0,0.066295564,False
875,11,1,0.48734143,True
1125,0,0,0.03764001,False
1125,1,0,0.00295433,False
1125,2,0,0.004297284,False
1125,3,0,0.0052055493,False
1125,4,0,0.04150903,False
1125,5,0,0.010170776,False
1125,6,0,0.008864385,False
1125,7,0,0.0074669872,False
1125,8,0,0.03848534,False
1125,9,0,0.030004894,False
1125,10,0,0.6796749,True
1125,11,1,0.95384693,True
1125,12,1,0.34010804,True
212,0,0,0.2398728,True
212,1,0,0.003205142,False
212,2,0,0.46708554,True
212,3,0,0.00021305995,False
212,4,1,0.58796054,True
212,5,0,0.010439805,False
212,6,0,0.00261823,False
212,7,0,0.066567495,False
212,8,1,0.71459705,True
212,9,0,0.00027313433,False
212,10,0,0.0031198987,False
212,11,0,0.004905196,False
212,12,0,0.010024004,False
212,13,0,0.003993831,False
212,14,0,0.0061834273,False
212,15,0,0.0034346485,False
672,0,0,0.0041319015,False
672,1,0,0.0037656731,False
672,2,0,0.034192868,False
672,3,0,0.020742267,False
672,4,0,0.03583616,False
672,5,0,0.13188964,True
672,6,1,0.07719321,False
672,7,0,0.0128647,False
672,8,0,0.43234694,True
672,9,0,0.00066827296,False
672,10,0,0.008421554,False
672,11,0,0.033532444,False
672,12,0,0.006570879,False
672,13,0,0.0001625334,False
672,14,0,0.0072206287,False
672,15,0,0.022430204,False
672,16,0,1.5424288e-05,False
672,17,0,0.076813154,False
672,18,0,0.054509442,False
1177,0,1,0.71123725,True
1177,1,0,0.01175079,False
1177,2,0,0.07308355,False
1177,3,1,0.055733934,False
1177,4,0,0.03584152,False
1177,5,0,0.013732636,False
1177,6,0,0.0051086564,False
1177,7,0,0.0040532327,False
1177,8,0,0.006830509,False
1177,9,0,0.025092052,False
1177,10,0,0.05992573,False
1177,11,0,0.13094126,True
1177,12,0,0.0786158,False
1177,13,0,0.054469414,False
1177,14,0,0.12751319,True
408,0,1,0.035887193,False
408,1,1,0.022733483,False
408,2,0,0.44586104,True
408,3,0,0.043870497,False
408,4,1,0.011789704,False
408,5,0,0.013994043,False
408,6,0,0.03205473,False
408,7,0,0.022490162,False
408,8,0,0.01817495,False
408,9,0,0.014782394,False
408,10,0,0.017959254,False
1186,0,0,0.024433421,False
1186,1,1,0.47337574,True
1186,2,0,0.00051123864,False
1186,3,0,0.015106305,False
1186,4,1,0.28275502,True
1186,5,0,0.018860266,False
1186,6,0,0.0020505826,False
1186,7,0,0.02896863,False
1186,8,0,0.00957714,False
1186,9,0,0.011999355,False
1186,10,0,0.0332616,False
1186,11,0,0.023044862,False
1186,12,0,0.055876397,False
1186,13,0,0.49864233,True
1186,14,0,0.036832944,False
1186,15,0,0.008378381,False
297,0,0,0.036123347,False
297,1,0,0.0011288315,False
297,2,0,0.0017283591,False
297,3,0,0.00014119738,False
297,4,0,0.025008837,False
297,5,0,0.0007669554,False
297,6,0,0.035109863,False
297,7,1,0.7085331,True
297,8,0,0.19186875,True
297,9,0,0.001086762,False
297,10,0,0.007323485,False
297,11,0,0.056566454,False
297,12,0,0.043258723,False
297,13,0,0.002229552,False
297,14,0,0.000977518,False
297,15,0,3.123755e-05,False
297,16,0,0.0010526563,False
297,17,0,0.01012134,False
297,18,0,0.04112273,False
1113,0,0,0.017933328,False
1113,1,1,0.7168692,True
1113,2,0,0.00041873357,False
1113,3,0,0.01847403,False
1113,4,0,0.038160942,False
1113,5,0,0.0038729657,False
1113,6,0,0.004122365,False
1113,7,0,0.0017694345,False
1113,8,0,0.007706451,False
1113,9,0,0.016080407,False
1113,10,0,0.015602928,False
1113,11,0,0.00487375,False
1113,12,0,0.007427701,False
1113,13,0,0.0060554524,False
1113,14,0,0.00089375256,False
1113,15,0,0.08028455,True
52,0,0,0.027547663,False
52,1,0,0.010337257,False
52,2,1,0.4657266,True
52,3,0,0.00014942208,False
52,4,0,0.0019629437,False
52,5,0,0.0115074655,False
52,6,0,7.395809e-05,False
52,7,0,1.9746292e-06,False
52,8,0,0.0014909641,False
52,9,0,0.023373812,False
52,10,0,0.0020316606,False
52,11,0,0.28069696,True
52,12,0,7.62703e-05,False
52,13,0,0.036135092,False
52,14,0,0.015151279,False
52,15,0,0.0031498533,False
52,16,0,2.6385784e-05,False
331,0,0,0.11799602,True
331,1,1,0.09434001,True
331,2,1,0.17290871,True
331,3,0,0.08341906,True
331,4,0,0.0007805713,False
331,5,0,0.056196097,False
331,6,0,0.10759075,True
331,7,0,0.048982807,False
331,8,1,0.18103762,True
331,9,1,0.0956986,True
331,10,0,0.222686,True
331,11,0,0.06825558,False
331,12,0,0.0009893125,False
331,13,0,0.034806304,False
123,0,0,0.0004581633,False
123,1,0,0.0045229536,False
123,2,1,0.9050253,True
123,3,0,0.05999946,False
123,4,0,0.0005333714,False
123,5,0,0.23605037,True
123,6,0,0.00018599612,False
123,7,0,0.0019124354,False
123,8,0,0.011689268,False
123,9,0,0.0046770233,False
123,10,0,0.002692956,False
123,11,0,6.475261e-05,False
123,12,0,0.008838499,False
123,13,0,0.010903022,False
123,14,0,0.014111994,False
123,15,0,0.0021245154,False
123,16,0,0.0013519485,False
123,17,0,0.0034588578,False
123,18,0,0.0029832781,False
123,19,0,0.06950595,False
123,20,0,0.038200893,False
44,0,0,0.009576778,False
44,1,0,0.009413421,False
44,2,0,0.0025531298,False
44,3,0,0.0020458242,False
44,4,0,0.00011377468,False
44,5,0,0.010242379,False
44,6,0,0.0075646546,False
44,7,0,0.0019751885,False
44,8,0,0.0067931544,False
44,9,0,0.010250513,False
44,10,0,0.001391684,False
44,11,1,0.23171361,True
44,12,0,0.017263321,False
44,13,0,0.07083469,False
44,14,1,0.23766224,True
44,15,0,0.24039014,True
44,16,0,0.16245618,True
44,17,0,0.21453512,True
44,18,0,0.0016439288,False
44,19,0,1.599094e-05,False
1198,0,1,0.22701055,True
1198,1,0,0.0037240398,False
1198,2,0,0.008431938,False
1198,3,0,0.00320566,False
1198,4,0,0.02052774,False
1198,5,0,0.05320904,False
1198,6,0,0.002347602,False
1198,7,0,0.00012136214,False
1198,8,0,3.1812076e-05,False
1198,9,0,0.0012981002,False
1198,10,0,0.0012203204,False
1198,11,0,0.002887028,False
1198,12,0,0.0044905883,False
1198,13,0,0.123425454,True
1198,14,0,0.0056422353,False
1198,15,0,0.0009134298,False
1198,16,0,0.0028275922,False
1198,17,0,0.010002062,False
1198,18,0,0.015283796,False
1198,19,1,0.19758806,True
1198,20,0,0.002837346,False
265,0,0,0.00755922,False
265,1,0,0.0024753662,False
265,2,0,0.00022021001,False
265,3,0,0.0021723693,False
265,4,0,0.0019641342,False
265,5,0,0.0016826389,False
265,6,0,0.002111983,False
265,7,0,0.010272921,False
265,8,0,0.007586925,False
265,9,0,0.0014991688,False
265,10,0,0.0024242108,False
265,11,0,0.33501688,True
265,12,0,0.018425956,False
265,13,0,0.01930211,False
265,14,0,0.044422723,False
265,15,0,0.1384977,True
265,16,0,3.773287e-05,False
265,17,0,0.07597095,False
265,18,0,0.03482207,False
265,19,1,0.34196752,True
265,20,0,0.008199608,False
265,21,0,3.9446535e-05,False
265,22,0,5.7431116e-05,False
935,0,0,0.31934017,True
935,1,0,0.018538529,False
935,2,0,0.078483716,False
935,3,0,0.12452754,True
935,4,0,0.04631713,False
935,5,0,6.6425455e-05,False
935,6,1,0.22030607,True
935,7,0,0.00058897893,False
935,8,0,0.039200727,False
935,9,0,0.016559342,False
935,10,0,0.037416194,False
935,11,0,0.08804066,True
935,12,0,0.009462341,False
935,13,0,0.06472098,False
935,14,0,0.09068747,True
935,15,0,0.00020819173,False
935,16,0,0.021298476,False
762,0,1,0.3796889,True
762,1,0,0.029075967,False
762,2,0,0.0176233,False
762,3,0,0.054552574,False
762,4,0,0.033542253,False
762,5,0,0.011053068,False
762,6,1,0.007062528,False
762,7,0,0.18237604,True
762,8,0,0.07180976,False
762,9,1,0.056436874,False
762,10,0,0.19901356,True
762,11,0,0.0003088641,False
762,12,0,0.041658856,False
762,13,0,0.013083012,False
273,0,0,0.20779282,True
273,1,0,0.11995447,True
273,2,0,0.08474224,True
273,3,0,0.17521498,True
273,4,0,0.012334746,False
273,5,0,0.026161084,False
273,6,0,0.00669888,False
273,7,0,0.009203751,False
273,8,1,0.24384677,True
273,9,0,0.04273188,False
273,10,0,0.0002405094,False
273,11,0,0.0063295127,False
273,12,0,0.0098780515,False
779,0,0,0.0007322071,False
779,1,0,0.27924064,True
779,2,0,0.0706506,False
779,3,0,0.109917305,True
779,4,0,0.04843222,False
779,5,0,0.049293775,False
779,6,0,0.19122888,True
779,7,0,0.028103042,False
779,8,0,0.01781897,False
779,9,0,0.029320283,False
779,10,0,0.024235707,False
779,11,1,0.33836696,True
779,12,0,0.033958886,False
779,13,0,0.01534586,False
189,0,0,0.038019307,False
189,1,0,0.0009389132,False
189,2,0,0.00063293084,False
189,3,0,0.0032628712,False
189,4,0,0.0025011243,False
189,5,0,0.00043410898,False
189,6,0,0.00069188856,False
189,7,0,0.001450476,False
189,8,0,0.0030168765,False
189,9,0,0.00016194725,False
189,10,0,0.20060259,True
189,11,0,0.15535402,True
189,12,0,0.011756002,False
189,13,0,0.070082806,False
189,14,0,0.48550287,True
189,15,0,0.025808698,False
189,16,0,0.027936926,False
189,17,0,0.10028962,True
189,18,1,0.18447486,True
189,19,0,0.014299101,False
189,20,0,0.0035240813,False
189,21,0,0.00039739851,False
189,22,0,0.005906265,False
299,0,0,0.044896647,False
299,1,0,0.037499,False
299,2,0,0.002483981,False
299,3,0,0.04027838,False
299,4,0,0.009039643,False
299,5,1,0.07881521,False
299,6,0,0.00072311854,False
299,7,0,0.017292565,False
299,8,0,0.0037465023,False
299,9,0,0.0021635115,False
299,10,0,0.0035262087,False
299,11,0,0.02110351,False
299,12,0,0.001174674,False
299,13,0,0.0110645555,False
299,14,0,0.014745555,False
299,15,0,0.009111096,False
299,16,0,0.07712233,False
299,17,0,0.16083117,True
299,18,0,0.09234515,True
299,19,0,0.095934026,True
926,0,0,0.10490254,True
926,1,0,0.009785377,False
926,2,0,0.015765874,False
926,3,0,0.03397206,False
926,4,0,0.010763111,False
926,5,0,0.010672148,False
926,6,0,0.5778488,True
926,7,1,0.10460876,True
926,8,0,0.017215729,False
926,9,0,0.01743438,False
926,10,0,0.19171222,True
926,11,0,0.11957627,True
926,12,0,0.0019186477,False
926,13,0,0.022663541,False
0,0,0,0.30113736,True
0,1,0,0.19997032,True
0,2,0,0.03326632,False
0,3,0,0.058780782,False
0,4,0,0.07472724,False
0,5,0,0.03307489,False
0,6,0,0.023260172,False
0,7,1,0.23715374,True
0,8,1,0.15488476,True
0,9,0,0.029661493,False
1103,0,1,0.15885228,True
1103,1,1,0.5101503,True
1103,2,0,0.022185564,False
1103,3,0,0.026135573,False
1103,4,0,0.07860076,False
1103,5,0,0.087703034,True
1103,6,0,0.07438993,False
1103,7,0,0.09420709,True
1103,8,0,0.11152145,True
1103,9,0,0.068783544,False
1103,10,0,0.10828864,True
1103,11,0,0.03157308,False
230,0,1,0.5846321,True
230,1,0,0.02965555,False
230,2,0,0.15688668,True
230,3,0,0.0007748337,False
230,4,1,0.37253436,True
230,5,0,0.002111392,False
230,6,0,0.016546588,False
230,7,0,0.028894259,False
230,8,0,0.036180314,False
230,9,0,0.03148794,False
230,10,0,0.039956294,False
230,11,0,0.023221435,False
574,0,0,0.056564745,False
574,1,1,0.93670195,True
574,2,0,0.046976496,False
574,3,0,0.002949034,False
574,4,0,0.007809546,False
574,5,0,0.0069800313,False
574,6,0,0.007852293,False
574,7,0,0.02845447,False
574,8,0,0.024518857,False
574,9,0,0.020694504,False
574,10,0,0.27735615,True
574,11,0,0.02381458,False
574,12,0,0.008971372,False
77,0,0,0.03293055,False
77,1,0,0.006906588,False
77,2,0,0.0054051587,False
77,3,0,0.00049978227,False
77,4,0,8.147192e-05,False
77,5,0,0.009641079,False
77,6,0,0.007063458,False
77,7,0,0.0023125822,False
77,8,0,0.01831667,False
77,9,0,0.009193924,False
77,10,0,0.00079527247,False
77,11,1,0.2997644,True
77,12,0,0.019306047,False
77,13,0,0.19770403,True
77,14,0,0.27446973,True
77,15,0,0.0911335,True
77,16,0,0.2047275,True
77,17,1,0.23611107,True
77,18,0,0.049582046,False
716,0,1,0.36348712,True
716,1,0,0.009781548,False
716,2,0,0.009241072,False
716,3,0,0.016575113,False
716,4,0,0.01110935,False
716,5,0,0.0012179218,False
716,6,0,0.010448182,False
716,7,0,0.4420775,True
716,8,0,0.007715653,False
716,9,0,0.007358187,False
716,10,0,0.13938448,True
716,11,0,0.06343195,False
716,12,0,0.00028308065,False
716,13,0,0.029054698,False
716,14,0,0.004937465,False
716,15,0,0.022866445,False
801,0,0,0.02502466,False
801,1,0,0.05030664,False
801,2,0,0.037664488,False
801,3,0,0.028099388,False
801,4,0,0.23770317,True
801,5,0,0.045051426,False
801,6,0,0.21339448,True
801,7,0,0.110845074,True
801,8,0,0.016906256,False
801,9,0,0.38113794,True
801,10,0,0.0006353877,False
801,11,0,0.010623959,False
801,12,0,0.0055247094,False
801,13,0,0.0045777583,False
801,14,1,0.010440061,False
801,15,0,0.030890433,False
801,16,1,0.0062529286,False
801,17,0,0.008394151,False
801,18,0,0.005121073,False
801,19,0,0.006954187,False
294,0,0,0.002378797,False
294,1,0,0.0010315208,False
294,2,0,0.00038570366,False
294,3,0,0.0027182049,False
294,4,0,0.0021487,False
294,5,0,0.00077572366,False
294,6,0,0.0009245279,False
294,7,0,0.0011957393,False
294,8,0,0.0025234986,False
294,9,0,0.0033093588,False
294,10,0,0.039323412,False
294,11,0,0.002583138,False
294,12,0,0.0046517244,False
294,13,1,0.11443928,True
294,14,0,0.0025684459,False
294,15,1,0.8852646,True
294,16,0,1.4981724e-05,False
294,17,0,0.016723331,False
294,18,0,0.007149102,False
294,19,0,0.024903573,False
294,20,0,0.010383104,False
294,21,0,0.008428247,False
294,22,0,0.036069345,False
128,0,0,0.30109766,True
128,1,0,0.16119477,True
128,2,0,0.18832776,True
128,3,0,0.04554385,False
128,4,0,0.050142538,False
128,5,0,0.009776944,False
128,6,0,0.008159362,False
128,7,0,0.20176812,True
128,8,0,0.009787139,False
128,9,0,0.07242615,False
128,10,1,0.40315452,True
1139,0,0,0.075395145,False
1139,1,0,0.032390412,False
1139,2,0,0.066141814,False
1139,3,0,0.095718615,True
1139,4,0,0.07198273,False
1139,5,0,0.19298165,True
1139,6,0,0.060645305,False
1139,7,0,0.00025456262,False
1139,8,0,0.046075244,False
1139,9,0,0.007836419,False
1139,10,0,0.0163465,False
1139,11,0,0.02323531,False
1139,12,0,0.02383296,False
1139,13,1,0.43090692,True
1139,14,0,0.11055749,True
1139,15,0,0.44027957,True
1099,0,0,7.583726e-05,False
1099,1,0,0.09544347,True
1099,2,0,0.120554954,True
1099,3,0,0.047040496,False
1099,4,1,0.092454515,True
1099,5,0,0.32603547,True
1099,6,0,0.0006375721,False
1099,7,0,0.1692439,True
1099,8,0,0.018073821,False
1099,9,0,0.04459412,False
1099,10,0,0.11883718,True
1099,11,0,0.17197457,True
1099,12,0,0.07708141,False
1099,13,0,0.04064179,False
1099,14,0,0.2060367,True
1099,15,0,6.0824816e-05,False
1099,16,0,0.037368298,False
206,0,0,0.004569127,False
206,1,0,0.0012341294,False
206,2,0,0.00030089822,False
206,3,0,4.4572385e-05,False
206,4,0,0.019995945,False
206,5,0,0.0006021716,False
206,6,0,0.0012592983,False
206,7,0,0.0058919094,False
206,8,0,0.14173123,True
206,9,0,0.0030928089,False
206,10,1,0.8722775,True
206,11,0,1.2564481e-05,False
206,12,0,0.0025838409,False
206,13,0,0.0032412522,False
206,14,0,0.00048006725,False
206,15,0,0.00032219835,False
206,16,0,2.2279239e-05,False
206,17,0,0.0014438899,False
206,18,0,0.00064680615,False
206,19,0,3.800871e-05,False
805,0,1,0.07951631,True
805,1,0,0.018640587,False
805,2,0,0.013043453,False
805,3,0,0.013218772,False
805,4,0,0.011167737,False
805,5,0,0.009643074,False
805,6,0,0.09293263,True
805,7,0,0.02872647,False
805,8,0,0.007937014,False
805,9,0,0.27083218,True
805,10,0,0.0047756797,False
805,11,0,0.11784711,True
805,12,0,0.011387689,False
805,13,0,0.009748203,False
805,14,0,0.0006743287,False
805,15,0,0.0048962757,False
805,16,0,0.12062139,True
805,17,0,0.010232913,False
805,18,0,0.0037336515,False
315,0,1,0.22853193,True
315,1,0,0.016351897,False
315,2,0,0.008706535,False
315,3,0,0.008450847,False
315,4,0,0.010585835,False
315,5,0,0.5534884,True
315,6,0,0.01568765,False
315,7,0,0.04517525,False
315,8,0,0.23748294,True
315,9,0,0.006673656,False
315,10,0,0.013181983,False
582,0,0,6.655658e-05,False
582,1,1,0.55367494,True
582,2,0,0.0053664357,False
582,3,0,0.07703997,False
582,4,0,0.132329,True
582,5,0,0.629574,True
582,6,0,0.0023563593,False
582,7,0,0.0018365558,False
582,8,0,0.0056489776,False
582,9,0,0.002302475,False
582,10,0,0.0050957287,False
582,11,0,0.005060176,False
582,12,0,0.004074781,False
582,13,0,0.002124865,False
582,14,0,0.0021278437,False
582,15,0,0.037193928,False
582,16,0,0.025597265,False
582,17,0,0.030845428,False
342,0,0,0.17387265,True
342,1,0,0.306194,True
342,2,0,0.13855906,True
342,3,0,0.05197702,False
342,4,1,0.10171322,True
342,5,0,0.090310864,True
342,6,0,0.11008327,True
342,7,0,0.22857606,True
342,8,0,0.14931524,True
342,9,0,0.04546284,False
342,10,0,0.0068094856,False
800,0,0,0.07695492,False
800,1,0,0.022473395,False
800,2,0,0.5585046,True
800,3,0,0.11983478,True
800,4,0,0.004630659,False
800,5,0,0.0049887463,False
800,6,0,0.008393822,False
800,7,0,0.054339107,False
800,8,0,0.016759612,False
800,9,0,0.0020989408,False
800,10,0,0.021266459,False
800,11,0,0.003957574,False
800,12,1,0.58267635,True
800,13,0,0.015447221,False
800,14,0,0.00042354688,False
800,15,0,0.0035146452,False
800,16,0,0.0036653588,False
800,17,0,0.0037485,False
1163,0,1,0.3654388,True
1163,1,0,0.011805953,False
1163,2,0,0.0097045945,False
1163,3,0,0.02397398,False
1163,4,0,0.01618801,False
1163,5,0,0.007197163,False
1163,6,0,0.003167275,False
1163,7,0,0.0081852265,False
1163,8,0,0.07532007,False
1163,9,0,0.007782697,False
1163,10,0,0.014000355,False
1163,11,0,0.35271528,True
1163,12,0,0.019388912,False
1163,13,0,0.01940311,False
1163,14,0,0.008735168,False
1163,15,0,0.010148833,False
59,0,0,0.011129174,False
59,1,1,0.64465874,True
59,2,0,7.5929376e-05,False
59,3,0,0.006505897,False
59,4,0,0.097496994,True
59,5,0,0.0028560385,False
59,6,0,0.009072211,False
59,7,0,0.02645287,False
59,8,0,0.01825086,False
59,9,0,0.008894662,False
59,10,0,0.008272537,False
59,11,0,0.004024345,False
59,12,0,0.00799242,False
59,13,0,0.0152182635,False
59,14,0,0.015373142,False
59,15,0,0.003610983,False
59,16,0,0.050791107,False
59,17,0,0.00012325757,False
59,18,0,0.015345911,False
482,0,0,0.046740636,False
482,1,0,0.028164033,False
482,2,0,0.024630241,False
482,3,0,0.017157104,False
482,4,0,0.008781819,False
482,5,0,0.042815015,False
482,6,0,0.086615145,True
482,7,1,0.42521372,True
482,8,0,0.0005643782,False
482,9,0,0.009621294,False
482,10,0,0.15208653,True
482,11,1,0.17831193,True
482,12,0,0.023258595,False
482,13,0,0.00016886501,False
663,0,0,0.050364874,False
663,1,1,0.14375526,True
663,2,0,0.04241414,False
663,3,0,0.0029305415,False
663,4,0,0.01982608,False
663,5,0,0.0141068995,False
663,6,0,0.022340877,False
663,7,0,0.06530993,False
663,8,0,0.058563314,False
663,9,0,0.07159556,False
663,10,0,0.04822896,False
663,11,0,0.013742565,False
663,12,0,0.17286462,True
663,13,0,0.00030468125,False
663,14,0,0.14123242,True
1127,0,0,0.20813917,True
1127,1,0,0.010558248,False
1127,2,0,0.015720781,False
1127,3,1,0.6425756,True
1127,4,0,0.085059844,True
1127,5,0,0.012975869,False
1127,6,0,0.048833575,False
1127,7,0,0.045509215,False
1127,8,0,0.07316314,False
1127,9,0,0.06995774,False
1127,10,0,0.07188142,False
1127,11,0,0.05497581,False
1127,12,0,0.01752956,False
1098,0,0,0.0061107655,False
1098,1,0,0.5628589,True
1098,2,0,0.010903608,False
1098,3,0,0.31330618,True
1098,4,0,0.00022207499,False
1098,5,0,0.10117135,True
1098,6,0,0.009631619,False
1098,7,0,0.00036627482,False
1098,8,0,0.076344565,False
1098,9,0,0.006421625,False
1098,10,0,0.007979271,False
1098,11,0,0.015473349,False
1098,12,0,0.010864322,False
1098,13,0,0.21119423,True
1098,14,0,0.009728273,False
1098,15,1,0.10631393,True
1098,16,0,0.0073827268,False
420,0,0,0.010334271,False
420,1,0,0.019477108,False
420,2,0,0.021552673,False
420,3,0,0.007002751,False
420,4,0,0.024059368,False
420,5,0,0.77501297,True
420,6,0,0.00034764892,False
420,7,1,0.013335816,False
420,8,1,0.2540313,True
420,9,0,0.19800983,True
420,10,0,0.011904945,False
420,11,0,0.005869577,False
236,0,0,0.0051407204,False
236,1,0,0.45879495,True
236,2,0,0.05465004,False
236,3,1,0.75890446,True
236,4,0,0.04321124,False
236,5,0,0.17664978,True
236,6,0,0.00023368909,False
236,7,0,0.0021848858,False
236,8,0,0.0018948177,False
236,9,0,0.084597565,True
236,10,0,0.07488718,False
236,11,0,0.10724906,True
236,12,0,0.0010859098,False
391,0,0,0.37024525,True
391,1,0,0.11958716,True
391,2,0,0.36236903,True
391,3,0,0.012384426,False
391,4,0,0.016259573,False
391,5,0,0.01739907,False
391,6,0,0.009759565,False
391,7,0,0.07495536,False
391,8,1,0.34743592,True
391,9,0,0.34890506,True
391,10,0,0.015766984,False
391,11,0,0.016254654,False
196,0,0,0.007884017,False
196,1,0,0.0042844126,False
196,2,0,0.00013157757,False
196,3,0,0.0010910325,False
196,4,0,0.0012094007,False
196,5,0,0.0020281416,False
196,6,0,0.00030342521,False
196,7,0,0.0005482179,False
196,8,0,0.00034763917,False
196,9,0,1.0171975e-05,False
196,10,0,7.522108e-05,False
196,11,0,0.098009735,True
196,12,0,0.0015152148,False
196,13,0,0.0017641665,False
196,14,0,0.06449527,False
196,15,0,0.00060655683,False
196,16,1,0.70014673,True
196,17,0,6.341853e-06,False
196,18,0,0.0024557775,False
196,19,0,0.013234325,False
196,20,0,0.010380278,False
196,21,0,0.0058892616,False
196,22,0,0.0031937687,False
196,23,0,0.011507797,False
815,0,0,0.029830152,False
815,1,1,0.6876629,True
815,2,0,0.00596017,False
815,3,0,0.0012109067,False
815,4,0,0.08892652,True
815,5,0,0.10807502,True
815,6,0,0.1115721,True
815,7,0,0.015677653,False
815,8,0,0.02623273,False
815,9,0,0.12699126,True
815,10,0,0.081567466,True
815,11,0,0.0516723,False
815,12,0,0.14625613,True
570,0,0,0.00024775436,False
570,1,1,0.48558387,True
570,2,0,0.021068456,False
570,3,0,0.0037233583,False
570,4,0,0.010639307,False
570,5,0,0.006683756,False
570,6,0,0.0029142392,False
570,7,0,0.034768943,False
570,8,0,0.00013900903,False
570,9,0,0.00012033208,False
570,10,0,0.16355117,True
570,11,0,0.020408211,False
570,12,0,0.0033915266,False
570,13,0,0.009396175,False
570,14,0,0.005599929,False
570,15,0,0.0019283942,False
570,16,0,0.0040284484,False
570,17,0,0.011591247,False
314,0,1,0.19492276,True
314,1,0,0.011914949,False
314,2,0,0.012066357,False
314,3,0,0.011430293,False
314,4,0,0.0091773635,False
314,5,0,0.08432581,True
314,6,0,0.045324024,False
314,7,1,0.5018739,True
314,8,0,0.116888255,True
314,9,0,0.05429846,False
314,10,0,0.025252204,False
1060,0,1,0.105368465,True
1060,1,1,0.10992397,True
1060,2,0,0.077215016,False
1060,3,0,0.0013349869,False
1060,4,0,0.008487281,False
1060,5,0,0.33536398,True
1060,6,0,4.6763325e-05,False
1060,7,0,0.0056387363,False
1060,8,0,0.01336867,False
1060,9,0,0.0058979755,False
1060,10,0,0.0004750653,False
1060,11,0,0.00012634089,False
1060,12,0,0.027959596,False
1060,13,0,0.00090969936,False
1060,14,0,0.0003880911,False
1060,15,0,0.0071971463,False
1060,16,0,0.06579734,False
1060,17,0,0.0004357894,False
1060,18,0,0.049568407,False
936,0,0,0.07737513,False
936,1,0,0.031562477,False
936,2,0,0.042733073,False
936,3,0,0.01995664,False
936,4,0,0.08103409,True
936,5,0,0.017397692,False
936,6,1,0.5756688,True
936,7,0,0.009335,False
936,8,0,0.0457224,False
936,9,0,0.041721813,False
936,10,0,8.809342e-05,False
936,11,0,0.069842726,False
936,12,0,0.0072002076,False
936,13,0,2.1184665e-05,False
936,14,0,0.052416135,False
936,15,0,0.06366657,False
936,16,0,2.5894706e-05,False
708,0,0,0.07782253,False
708,1,1,0.075314574,False
708,2,0,0.0004922985,False
708,3,0,0.35156435,True
708,4,0,0.00011052851,False
708,5,0,0.043729756,False
708,6,0,0.01198007,False
708,7,0,0.005239602,False
708,8,0,0.14125684,True
708,9,0,0.021070722,False
708,10,0,0.032687828,False
708,11,0,0.010299043,False
708,12,0,0.006055949,False
708,13,0,0.092571594,True
688,0,0,0.0005772675,False
688,1,0,0.06174725,False
688,2,0,0.05910262,False
688,3,1,0.14016628,True
688,4,0,0.001539073,False
688,5,0,0.14006196,True
688,6,0,0.049759198,False
688,7,0,0.019414676,False
688,8,0,0.14107558,True
688,9,0,0.13370787,True
688,10,0,0.0020102302,False
688,11,0,0.010280215,False
688,12,0,0.028481653,False
688,13,0,0.035708316,False
688,14,0,0.033527113,False
688,15,0,0.0022593741,False
789,0,0,0.3626988,True
789,1,0,0.0040258304,False
789,2,0,0.10755857,True
789,3,0,0.00023647762,False
789,4,0,0.0119084325,False
789,5,0,0.05474594,False
789,6,0,0.004393999,False
789,7,0,0.0025403122,False
789,8,0,0.016313875,False
789,9,0,0.01465866,False
789,10,0,0.019407593,False
789,11,0,0.0026974396,False
789,12,0,0.20141199,True
789,13,0,0.109906256,True
789,14,1,0.0044775633,False
789,15,0,0.0039628837,False
789,16,0,0.0001775197,False
278,0,0,0.04171046,False
278,1,0,0.22442237,True
278,2,0,0.0006366619,False
278,3,1,0.12777495,True
278,4,0,0.22601451,True
278,5,0,0.19020656,True
278,6,0,0.017045213,False
278,7,0,0.004519239,False
278,8,0,0.02465279,False
278,9,0,0.060844015,False
278,10,0,0.06783139,False
278,11,0,0.068929285,False
278,12,0,0.014180096,False
347,0,0,0.04910128,False
347,1,0,0.035727583,False
347,2,0,0.055307038,False
347,3,0,0.16964364,True
347,4,0,0.17620085,True
347,5,0,0.09224282,True
347,6,0,0.22694962,True
347,7,1,0.13217837,True
347,8,0,0.015185127,False
347,9,0,0.47639915,True
347,10,0,0.0005037344,False
347,11,0,0.012440627,False
347,12,0,0.0038806666,False
347,13,1,0.0044812015,False
347,14,0,0.015506,False
347,15,1,0.0058141546,False
347,16,0,0.003993816,False
347,17,0,5.4899636e-05,False
333,0,0,0.0011602129,False
333,1,0,0.00028429314,False
333,2,0,4.508154e-07,False
333,3,0,0.0061660223,False
333,4,0,0.024592774,False
333,5,0,0.005318336,False
333,6,0,0.26290804,True
333,7,0,0.004300035,False
333,8,0,0.7908375,True
333,9,0,1.9735426e-05,False
333,10,0,0.008234252,False
333,11,0,0.0012188659,False
333,12,0,0.0009395602,False
333,13,0,0.03956374,False
333,14,0,6.373383e-05,False
333,15,0,0.002311212,False
333,16,0,0.001705211,False
333,17,1,0.0004598018,False
333,18,0,0.0030287004,False
333,19,1,0.00053660263,False
333,20,0,0.00048513451,False
333,21,0,0.008088365,False
1174,0,1,0.5791351,True
1174,1,0,0.06604745,False
1174,2,0,0.070360154,False
1174,3,0,0.29769748,True
1174,4,0,0.008068457,False
1174,5,0,0.012948879,False
1174,6,0,0.007884484,False
1174,7,0,0.018006908,False
1174,8,0,0.04809161,False
1174,9,1,0.11664401,True
1174,10,0,0.1413509,True
1174,11,0,0.10315403,True
1174,12,0,0.023283686,False
1174,13,0,0.18434936,True
75,0,0,0.49800065,True
75,1,1,0.046361484,False
75,2,0,0.042191535,False
75,3,0,0.0543627,False
75,4,0,0.005020109,False
75,5,0,0.048774507,False
75,6,0,0.08955799,True
75,7,0,0.061172433,False
75,8,0,0.07136486,False
75,9,0,0.043551136,False
75,10,0,0.07979635,True
75,11,0,0.0009804197,False
75,12,0,0.00013163027,False
75,13,0,0.0024961436,False
75,14,0,0.0002523878,False
579,0,0,0.035044648,False
579,1,0,0.12592515,True
579,2,0,0.10289641,True
579,3,0,0.0439799,False
579,4,1,0.33639708,True
579,5,0,0.0028919794,False
579,6,0,0.021164449,False
579,7,0,5.2579166e-05,False
579,8,0,0.006509695,False
579,9,0,0.008557772,False
579,10,0,0.036662064,False
579,11,0,0.07168818,False
579,12,0,0.05379638,False
579,13,0,0.03785122,False
579,14,0,0.00456803,False
227,0,0,0.021284183,False
227,1,0,0.0134035,False
227,2,0,0.0011030152,False
227,3,0,0.0011131305,False
227,4,0,0.0060103177,False
227,5,0,0.0056799576,False
227,6,0,0.008486635,False
227,7,0,0.0025818592,False
227,8,1,0.54284304,True
227,9,0,0.016640622,False
227,10,0,0.0537772,False
227,11,0,0.07066189,False
227,12,0,0.16900453,True
227,13,0,0.10319296,True
227,14,0,0.10062263,True
227,15,0,0.031176576,False
227,16,0,0.110230416,True
227,17,0,0.004185037,False
227,18,0,0.0011957444,False
227,19,0,0.0023980138,False
1039,0,0,0.5253538,True
1039,1,0,0.042378597,False
1039,2,0,0.031552557,False
1039,3,0,0.047035214,False
1039,4,0,0.0416511,False
1039,5,0,0.045234017,False
1039,6,0,0.017708573,False
1039,7,0,0.018490516,False
1039,8,1,0.6659816,True
1039,9,0,0.0014827584,False
1039,10,0,0.033450607,False
1039,11,0,0.04803975,False
1039,12,0,0.035717044,False
1039,13,0,0.030816974,False
942,0,0,0.18398973,True
942,1,1,0.14882545,True
942,2,0,0.4862958,True
942,3,0,0.16561046,True
942,4,1,0.11721897,True
942,5,0,0.02503039,False
942,6,0,0.022994928,False
942,7,0,0.043467343,False
942,8,0,0.09562218,True
942,9,0,0.05665278,False
942,10,0,0.15105654,True
942,11,0,0.2645576,True
942,12,0,0.0006526234,False
553,0,0,0.016828978,False
553,1,1,0.31190947,True
553,2,0,0.018961022,False
553,3,0,0.16429742,True
553,4,0,7.8050056e-05,False
553,5,0,0.035001207,False
553,6,0,0.22456232,True
553,7,0,0.14844084,True
553,8,0,0.008340455,False
553,9,0,0.007852489,False
553,10,0,0.00407529,False
553,11,0,0.00053269346,False
553,12,0,0.0141192265,False
553,13,0,0.0018662765,False
553,14,0,5.2982534e-05,False
553,15,0,0.026230535,False
553,16,0,0.0010874107,False
553,17,0,0.013034058,False
968,0,0,0.0010378828,False
968,1,1,0.309987,True
968,2,0,0.0068095145,False
968,3,0,0.31448078,True
968,4,0,0.0012340841,False
968,5,0,0.19530682,True
968,6,0,0.0060778307,False
968,7,0,0.26544386,True
968,8,0,0.00072378275,False
968,9,0,0.23886295,True
968,10,0,0.0047042402,False
968,11,0,0.22017233,True
968,12,0,0.0021891221,False
968,13,0,0.21947367,True
968,14,0,0.010456537,False
15,0,0,0.024299582,False
15,1,0,0.07141151,False
15,2,0,0.00012116383,False
15,3,0,0.04175346,False
15,4,1,0.35098872,True
15,5,0,0.3227182,True
15,6,0,0.0013619886,False
15,7,0,0.0018141813,False
15,8,0,0.009112633,False
15,9,0,0.050440453,False
15,10,0,0.061163712,False
15,11,0,0.057611823,False
15,12,0,0.024129275,False
15,13,0,0.007098643,False
15,14,0,0.0042722933,False
495,0,0,0.0042702593,False
495,1,0,0.42158,True
495,2,0,0.013553432,False
495,3,1,0.33657232,True
495,4,0,0.00096074503,False
495,5,0,0.33516565,True
495,6,0,5.329672e-05,False
495,7,0,0.021916684,False
495,8,0,0.111597225,True
495,9,0,0.071510635,False
495,10,0,0.09684071,True
495,11,1,0.8449311,True
495,12,0,0.06353317,False
495,13,0,0.028218327,False
886,0,0,0.072084114,False
886,1,0,0.095469035,True
886,2,0,0.028888915,False
886,3,0,0.0146400975,False
886,4,0,0.016106147,False
886,5,0,0.01596695,False
886,6,0,0.013378353,False
886,7,0,0.05575166,False
886,8,1,0.5789615,True
886,9,0,0.530948,True
886,10,0,0.017571663,False
886,11,0,0.016688764,False
266,0,0,0.16023523,True
266,1,0,0.15960224,True
266,2,0,0.04261294,False
266,3,0,0.13939533,True
266,4,0,0.045736685,False
266,5,0,0.03001079,False
266,6,1,0.09470646,True
266,7,0,0.16105588,True
266,8,0,0.09918118,True
266,9,0,0.004082527,False
266,10,0,0.00021096368,False
266,11,0,0.027998468,False
266,12,0,0.16224605,True
266,13,0,0.03950377,False
1180,0,0,0.060135417,False
1180,1,1,0.10971394,True
1180,2,0,0.005825574,False
1180,3,0,0.0034113715,False
1180,4,0,0.09798913,True
1180,5,0,0.003476028,False
1180,6,0,0.019538783,False
1180,7,0,0.030482017,False
1180,8,0,0.016965417,False
1180,9,0,0.0038245458,False
1180,10,0,0.0036788795,False
1180,11,0,0.59473926,True
1180,12,0,0.103236064,True
1180,13,0,0.0032747404,False
1180,14,0,0.0056500337,False
1180,15,0,5.9203634e-05,False
550,0,0,0.14553605,True
550,1,0,0.0060989466,False
550,2,0,0.0060030525,False
550,3,0,0.030353451,False
550,4,0,3.6284695e-05,False
550,5,0,0.008106867,False
550,6,0,0.029169137,False
550,7,0,0.032924857,False
550,8,1,0.0067758164,False
550,9,0,0.0022024717,False
550,10,1,0.637212,True
550,11,0,3.5898116e-05,False
550,12,0,0.014774519,False
550,13,0,0.09784052,True
550,14,0,0.04277009,False
550,15,0,0.035783622,False
550,16,0,0.006837693,False
528,0,0,0.010455846,False
528,1,0,0.008240306,False
528,2,0,0.0021631976,False
528,3,0,0.0020149471,False
528,4,0,0.013532206,False
528,5,0,0.0020826624,False
528,6,0,6.183005e-06,False
528,7,0,0.0051558404,False
528,8,0,0.09842712,True
528,9,0,0.035154615,False
528,10,0,0.43963388,True
528,11,1,0.96501577,True
528,12,1,0.68434554,True
528,13,0,0.11560694,True
528,14,0,0.173055,True
528,15,0,0.001320296,False
97,0,0,0.014462125,False
97,1,0,0.15118596,True
97,2,0,0.066356435,False
97,3,0,0.10246914,True
97,4,0,0.0914006,True
97,5,0,0.12745959,True
97,6,0,0.2147174,True
97,7,0,0.013823672,False
97,8,0,0.049786277,False
97,9,0,0.26324743,True
97,10,1,0.3172909,True
97,11,0,0.30207217,True
97,12,0,0.038425334,False
853,0,0,0.06352398,False
853,1,0,0.07724215,False
853,2,0,0.06660872,False
853,3,1,0.33523855,True
853,4,0,0.0003285542,False
853,5,1,0.4734314,True
853,6,0,0.047548812,False
853,7,0,0.05572411,False
853,8,0,0.09497304,True
853,9,0,0.012537343,False
853,10,0,0.010694852,False
853,11,0,0.0067628254,False
853,12,0,0.019277787,False
853,13,0,0.0014814606,False
853,14,0,0.22527647,True
1102,0,1,0.061154116,False
1102,1,0,0.15356581,True
1102,2,0,0.03703721,False
1102,3,0,0.018520964,False
1102,4,0,0.047565974,False
1102,5,0,0.0264128,False
1102,6,0,0.11146757,True
1102,7,0,0.047884334,False
1102,8,0,0.054397713,False
1102,9,0,0.13470802,True
1102,10,0,0.01746481,False
1102,11,1,0.06320981,False
1102,12,1,0.03093913,False
1102,13,0,0.00017430933,False
1102,14,0,0.051661693,False
1102,15,0,0.033904232,False
